080200400570000100002300000820090005000715000700020041000006700003000018007009050
600050007030000000080409200015300000008000300000007590009501030000000080200070004
210950004090060037000700000000000308920000015805000000000002000680010040100047096
024000650100000007008010900000000000260090083080501070600903008002854700000070000
000050000000206000064000390045000810000020000000107000053000980090804060100030004
108500406000070900530004007001060008090408070800050600700100069006080000904006205
970306042805000109000050000207000304010020080400738001000905000000000000100847003
040000000086100034001500260000305840000040000058902000095008300160009450000000010
045900000000710205020003009008301026010000050360805100200100030801057000000009510
900801005000607000870000069490000057080000020000375000040000070008060900109000603
000006007007050000054090100090304080003060700010907050006080410000070900900100000
000000000003702800060354090089000160070645030000000000040000070200506004000010000
060050030000306000007000400030000060014020790700000001000000000900147005051609870
103600400590001008000200000809020000207080905000070204000002000600800039005003802
500000001020600700780005000904001008000908000200500904000300017009006050600000002
300005007010030590020008000708000000090000010000000902000900040032080070400600001
600040001030008700009700000003096000906000103000120500000002400002400080400010002
200010007000207000050000020005020400001549200300708001070804030000000000630000085
200040003600239008000000000029000530850000016006102900070805060900703001000010000
869000312020000080070108040030000090700060004001902500000836000400070003000010000
780000021960050084000000000300609008097080130100030006030806010006201900000000000
024009030000600974000080020001040000207050809000060700070090000539006000080100290
600589002030402060000070000000000000102060904006050800800040001010000070750020098
030000200001970603540002080002000090010090030060000800070800029205039100006000050
030000080000791000005000700004080500001204300200305008002508600000000000503010809
090000006006890000203706090100020000054908320000070004020607809000035600300000050
013090460800000005000040000200000001970010043060705090089403710000000000000678000
400000007006030200005702900850473026000806000004020300003209800068000590000000000
490001300060009008007380090080000700036070520002000010010047900800600030009100087
000000000305904601040010030200000007007163400000207000020801070806000302009000100
300006085970028030005000900790802000010000090000109048007000600050360072640200009
570060003030005060601007000053000001000080000900000270000800402080100030200040019
040000590890500062305002800000001040006090700030600000004700106680004057073000080
004009300010030050800700009006800020005000700020007900200004007040050060001200500
000500601000030700000070025300005290020000070058200004810090000009080000602004000
000709000200080003070204050800000001000501000160070045050000030030000010604090508
200900000800503000054706002008000009097000420100000300300105890000802003000007005
005040009420703000003805070000000006040157020100000000060408900000201087200070600
040137020007809400800040005090703050630000047051000890100070009000080000000906000
057038000006100207000090000630000001070020060500000034000080000205007400000910370
600185009000000000590000087800000003000704000054020910080203090460000031007040500
000000900020041060609005400014507000050080020000106540001600203060750080002000000
207060008006007300040020017020103000603040501000609030530080060009200100400090803
031020960000060000600301004960000083000000000000953000405000609080204030020506040
004000500086000420520000068003000200200178004000306000002010800010000050408205906
300050007010702090000080000908305102032000640005000300090507030700000006000206000
000600907000000300704300200040507600060080010001406020003002806006000000102008000
000102600000050290900006003300600900100030008007008005400500002026040000005203000
000801000005064100060700080250000403090000070406000012010009020002570900000103000
900050003000697000000000000007805100020709050300000004200000009006000400409103608
001000400509030108600801002320000085400506007000000000800403001040000050900010004
900160200000009508001050906000687002000020000200391000506070800809500000007018004
000000000940301076800020003009706300081000960200000004000509000090040010005000400
084520000000007000306908000200600800065000740008005002000106508000200000000089230
600704005000000000900268001020000090004030200007000600060040050000020000300906004
306028010100300000040001060800000000200867003000000005030100070000002004050670208
200090003040807010030060050070305020002406500000000000700000008409000201000102000
700003801050087090800000000140802000070090010000105029000000006080710040605200007
009603004010700080400080003000000641005000200164000000600010002050002060300407500
040000060000635000003000100005409700004702600900000004000204000300010008016000570
300000020064500000000901604010007300700000001005800090501603000000002810080000002
000002708700004903020800100000080096000050000830040000003006010906400007502300000
060040030070090080001000500006102800100000002080304060700000006019060370000010000
009003000710000000800795300050009800207000906006500070005812009000000042000900600
100500009054007010000040070070010004003829700600050030020070000030400160500003007
000800000102040080006200307200160000309000102000029004605002900090050203000004000
009001300852030070300007000040920003090000040100074020000700002030050498004300700
200000056800000000040620000502480000100000005000095308000046070000000003470000001
008300009090000200100080047005094080400000002080560400850030004003000060200008900
910600803080003076300000000090030001000507000600040030000000007570300040203006018
012000000503000006060041020900000070050824090030000008090570040100000903000000580
000000009014500060706400000000005040609308107070600000000007508080004320100000000
010084092004000800503000000000090050000706000070030000000000109008000700190370080
070000020003000700100805009050030010002000400400060002004607500000010000010254060
000620030082005090530000060007098000100000003000140900050000019070200640010079000
000403100370090000600070009000000415009000700842000000100050002000060081006201000
200090004040608020009407100010030050090060010605000908054000690000203000000000000
000802300400000050007000129090405001001000500600903040534000700010000002002304000
080000700030670048605000200000080070040509080050020000008000401760094020001000090
003108500060000020000020000630000054082000960005000300906734102800050009000906000
003000100208050903060000050700000005006301400380000019000030000030907080609020501
800060004071000650060080070000509000003000700056000410200806001009000200000192000
302109508000803000000020000007406200400000009000985000030000050078000120009502800
004000900090000030201000507800000004002641700007000100040508070003207600700000001
000620941080400000400057000027000003004000500300000270000590007000004060976082000
000300700060009084001002000018004030300000007090200140000100400520800090009006000
050600200002800003700015090006000017005000900320000400040920006100006500007008040
098006000500070108001300040049000050000090000030000920010007400902010005000600280
000401000003000900061000240007090400050000010008703500080030060100000003500020004
000400605006090030014080000240900703000000000907006024000040350060010800405002000
090000040500206003000070000002307600700000002064010730900000007001708300400020001
010030087806005040070100603002300000000050000000009400705001030060200705120040090
064020080001060000900700001000600009300401007100002000200006004000010700080050610
038401270040030060000000000005080400290000038480090051070000080020050040000749000
700000009000509000002146500000000000097000850004802900009000400800324005205080306
009005010003004005050100608000807200000000000001302000107003080200600900080500400
000040000008910400090608030007206840830000012049107600010805060005061300000020000
038000720004873900000000000302608104000000000045902830000000000070104080050020090
304801607000375000000000000050904030600080001038000790000030000080609040006000900
080926004509008000000000003006010000070409080000080100600000000000200601900361070
900080000034050000008600005007039006010000040200460800600008400000070130000010009
600403107000000000500900430060008070002090300070100020028009005000000000401802003
400709003070305060020010070010834050000000000600000008500080001038106520100503007
039000510000010000006907200400000002000000000057801430000604000310000067090000020
109308002080705040000000008320000015000010000650000094400000000070106020800904607
800000007090072300003005000010000004509748201300000050000200100006180070900000005
003000400000080000006712500400000001300000006062000940790204085020108070000070000
000000460000670809026080003085097000000030000000860210900040380803019000047000000
390800041106000002000120070000040705003795400507080000030018000900000803820003057
009006070802901000000003052638000010000000000040000386520300000000502608080100700
400000006005368100170000053000634000000000000060597040000000000029010460010405080
900800000750000000081690000073046005002000600500970420000018270000000064000002001
000008906060000000980004572009001730500070009043900100876100093000000060304600000
048070120000602000000090000000040000309000402060000070001709300400503007530060019
709020000030906000200040003170000500090705080006000024900070002000201090000050406
500070003000000700012049500008907000105000908000102600004510390001000000600090005
500000006000201000001680200090107840002000300046302070003028900000509000900000003
060495020000020000000603000600907008050080030008060500500000007107802405030000010
004000390120000000003042806000053089000201000310860000701620900000000038045000200
400000008090030040806201507005000700000305000200080009000070000024000170508000902
010000060006010500509000207002409700000060000080000040000907000400000009071040680
900070008000109000000080000000207000830000057700608009095000170417000893002000500
803000604009283700000060000701000206400000007000509000004030900000601000020000060
000600010080520079000340208000002090200000005010400000703065000690037040020004000
000307000310000074000429000030000010901605302000090000003000200400000006600258001
800006407000900000200083000103208060006050800090607203000430001000002000604100002
000210500010000030000305740031060050050000070080090120068902000070000080002031000
300800005020900040006014300009000083002000500530000400007340600060009070100007009
000045020700190000040000900004320600093000780006071400008000040000017009030460000
000407000052000800100080030306190070007000900010058306070040009005000160000906000
200006000307050000000709050073060080800000006090080570040308000000070803000100002
290005006008001309016009720362000000000060000000000962075100240601800500900500081
600020009004908700200000003016802370400107008000050000020000040008000900109304507
400300058250400310080100000000000673000060000764000000000004080013005064840001005
020701060050090070800453001090805040080000010400000003018070420205000706000000000
000570006430000007006000204000001800010080040008200000901000700300000015700019000
000080060860500400004000705008700000009801200000003100902000600007006052030070000
003102600000400018000060002000600021200070006390001000700090000530004000001307400
050010002000402100009300400806000003100000008700000209008003700002501000900060020
050000200403000006006005001030006090007020500010800060500600400900000603004000010
006000700000709000008103900400000002800205001603000405040010060100000004002604100
001573090900800000000091007604000073708000501390000602400360000000002004030149700
005000800400000001710000053000000000000264000300805006008010400520407019100506008
000002043008004200200607090007300060040090030050008400010809004009400700460200000
000701060840000070007040300300904007001080600400607001008030200060000084020805000
010028073080007000000000800000003190090040050032800000009000000000500020670180030
002008007000000080050690032083000064005806100260000890570069040020000000600100300
300206007090407080001508900000709000030000060020000090900000002150060073004050600
006947100030000090001000700000020000070050030302000408000504000169000584003010900
041000000060500041000091006009702080007000900030908600800270000390004050000000860
006000100150000086400000007070090020300608001010207030930020015004509800000000000
000974000017000840000000000203107904000235000000000000700306001640010082030050070
002040006600000500040005007050800703700306001306007020800100030001000009400070200
040209010100000008000541000900030004020010060000607000003104700410000093000020000
090407060507000908000903000300040005700208004080000020065000730000030000140000056
095000810010306050030000020000892000000145000002000500000000000003020700079000460
090507030800306002000010000000050000004000300020603080003000900002408100501000806
420076000800009020001020060060000500910000043003000080080090300050400009000560078
603007000000910060018200000701000500530000047004000906000001350020089000000300608
020601040009000800001278300004020600700000002000435000200000009007060200400000008
004080000080730240020600003000000670810000025052000000500007080068015030000060900
074009001050610000130000000200001008001050200400200005000000079000084030300500480
080200040620000093009060200000103007003000400100807000008090500960000028040002030
000400070300001200057068300086000002003040700900000140001670820002800001030005000
400201006076000230001070500590000042200090005030000010000926000960000027000000000
004895100000070000800000003450000012007000800090020040000702000700503009600000001
000603000003209400000040000031000290450000071020000060240000089000050000600407002
000050080470300050000471000001000530906000804048000700000265000090003028060090000
000010650005007000090084000903000040040000090080000102000670080000200300076030000
010000000008170009009500720000090360070206080046080000024009600600027100000000070
060004900040260017700900000600040350090302070053080001000001005510026030006500080
050801060000040000003902400005000300410607092030000070040000080002406100000090000
003000700010070080000304000208000601000506000090203070000000000040090050906000102
000060000000407000060531090620904018070000060850010034010000070005000600706000502
400009000600010004085000960000430008007050300500092000012000650700020001000600002
008000500020805090000106000705000203060070080000903000510307028002050300030000010
050016000010002095008400700560000100300070004009000053006004200290800040000260080
000090001005000060140280300009870020700000003030029100003067015050000600900030000
003000090580700030020800000000547008004000200800912000000003010060005084070000300
809401607007096500062000010005304000000050000000608700090000170001740300706103905
080060070200405009000803000600000008390248017000906000002090100006000400900000003
000800500085300020900007010003060085000905000650070400010700003070009650004003000
020000760000200103000816000874003900000000000009100857000345000903002000065000020
000435000200701003006208100001020700700000004050000010010000020072050430800302005
006001400090580000102074000000000013403000908610000000000320804000018050005600200
007000090400000180000205470500062700000030000006950008085301000091000007030000500
000005010000603008000000540080700090309504801060008050034000000600401000050900000
020000060050901070001000400190804025000030000047000310008000700000040000010702080
070003000020400875040180000900030520003902700086070003000061090162009050000300060
053000640060708030100050002000060000700000004030804070006010700000609000005080100
601050004030940260000000000000503607500020008307406000000000000089065070100030502
500090003070060020039752680003000200200000004040000060000010000804605302007000900
010000000200060704000071230700000640009050100051000008073410000804090001000000060
004005000010900340080002009705080020000203000090050801300500090076009010000300700
205700001000201900060009003071000038000000000350000620600400080004802000500007104
020003000001985002000040060780000020043000670090000045010030000300496200000700090
002007000860529000100006020000000159200000004619000000050100008000645013000700400
000060043013000600706400000005620001000705000600094500000002907002000360390010000
600057039278090050000400070500000700360000091002000005020005000050040916480610007
000805476804000000020600000001007004300000005700900100000003020000000801278104000
620010075001605400000307000080000040700000006003050900200060001004000800000201000
006030000000810600070400003000060240460705089092040000500001090007082000000090800
002014000000307000004600201490000320200030008078000015806009700000206000000850100
700040001604000908003000600000219000500000009030000060100806004008705200070000050
000020000008501600000406000080060090200070005000802000120090086040000070509000203
240093000700000000003500010008007051100305006960800700010009300000000005000150064
900400006001026300040000020010060005030704090500010030020000040004190700700003002
000965000003104600090000010080307050100000004009010200008000500700090002000248000
060040210000600004005000600400008790009000500021900006007000300800003000093010040
020008600005006007900700010610907500000080000009405061030002008200500100001800030
000000000706308905004675800097030650058902710000000000009000100000103000010060080
400128005050004080001900400740000609200000007109000024004007100080600040300492008
100060003038509410000000000000000000400901007065000390200000004570000086000408000
180000053002060400500000007600000002008906300201308605000050000400000009005734100
000275008080000040200008009000000870600507003097000000300600005010000090500893000
080020070000000000706105403900302006400070001013050290040000060200408005000030000
800000006050000030001402700406030201010000060070010090080601070000308000700905002
700501008030070050020968030000315000900000003001020600009050400070000080410000097
058000970030209060010030020000857000040901030001000700000070000023000510400010002
010004600000000109006070800960020000100000003000050026008010500701000000004900060
000000000040901020900352001003070400170000096805000207010407050000283000000000000
700020008000504000002000700070108090205000601400000007009000800160090035000356000
306090000010500000050760090900100430062000780037009006020048010000007020000010603
086090230007508400000000000004000800020070050500000003000050000905804102260000048
004500070720006040009000203030080002000205000200010080402000800010900025050001900
000218000420090015000000000632000184900060002050802060305000408001924500000000000
280000014000000000605000903010080090090406030006030200300805009960040027000209000
300540070006270010400000000060300500200090003004002090000000002070025400090086001
004700300003000987000900001060594000090000060000326090700009000825000100009007500
020000080305000104700060009401000803600103005000070000030706010000000000900428006
008030010600070200010200003000804700450000096002507000300002080006040001090080400
508200704120000000000030200380400600000010000009003057005040000000000078604007305
301000400500860020000005006000906042000000000490302000600500000040089003005000609
069001570000070600400000020000010207082000910701060000070000003006050000094800150
900000200015706000400300705008600000640000051000003900801009004000107580004000009
012069007605000000700803100000700010304000506090006000007301008000000701200970630
540000019000040000210000037402905108700804003000060000006000700020000080004281300
000201070900070000002309400607000305050010020809000601005103700000090002030508000
003406200100000005000103000010060020600275009205040603000000000002000700004592100
002058000300000070607900200430000000500010002000000084004005309010000008000120700
060004000000200090204970000008400705040020080107006200000093607080002000000700050
018020350000106000004000900380000067900804001000070000000308000005702100030010090
051726380000304000043000670000901000009060500720000061060000010002103800007000200
000068001600300090002405030090000006003010200400000070040506700070009002300270000
600000003030000090090040020020307050000080000500020006402106305300205008900000002
100064020020000600000000904200130050010000090030086007602000000001000080080740003
200010008300685002006000500000090000700106005020703060057000980600070004030409050
098000620600000008000090000000010000000309000201050907046000270020104050300705004
008000200904502701000308000000486000700010004000020000309000508640000012001000600
000000000380000076060318020000000000003607400409000103050040030008000600000020000
000943000000807000500000003006030100050701030004508600020106040041000780800000002
300020005000050000060000020006090100210000049050000080004000900600408007007901300
021003800040000012800004003506080000000409000000010705700200008260000070004800230
000347000030000080001000900800402005200090006040050020004000200060809070080704050
047020000010036047006700503020000700750000086009000010502003100470250030000090250
001805400050000030086301750000060000010020060600904005540000071108000604002000500
030060900006900070000300864900006007403000608100700009317002000020007300008030050
005006080200030500080005001603010000020604010000070609400800020007020006030900400
905004100000600000034090020000009050190080046050400000080060390000008000007900805
703500009005300700012000365000106042000000000240907000567000230004003500100005406
001000400060804020900000003500030001010000030036000580000607000200050006080090040
070000080000002000950700200060001002120905076500200030002007091000100000040000060
075010300000020001300007090410200000003000600000006012040800005500060000007090430
007520060800076000000000001050207006780000023200905010300000000000650007070048900
850090014000060000004000900230000078000040000000803000010408060008000700340607021
003761008800000000000004150089000000061408320000000780028600000000000007500983600
000508000300000004010040060000090000709050601050604020040000090507080406091403280
200790004003201000000008090069000047100000009570000630010800000000506900600047003
003102000050300207100009300060000000008924100000000080009700001305008090000203500
270060038900403006004107900009501600000040000003000800010000090007000500000736000
201060005030500010005213908008000230306000104042000700507186400010005020800040501
000010020430200090000807000004502910300000002018306400000703000040009058020050000
008010300500000008070000010007102900002070500080503060600708009800030006005020800
080090100000108305170000000010204030400070008020306090000000043308502000007030050
700000003000103000800957006070000080000060000683000245010605030005802700900000004
090126070070040030001000600600597008100000007007000500000762000080000040700000009
004105200000000000900823004040000060030218070708000503000501000000000000025000940
000093002060000870000500010450008000001000900000200084080005000035000020900620000
006132800008000500000080000009305400270409018301000605060090050500020006003000900
006384100023906740000000000000000000409703802070401050054030210000549000000000000
000050200200000300000302081306090070900010006070080403630408000005000008008060000
000900305000700940009040800400100000601020503000006004005030100043001000908005000
050070090040205070300401005000903000009000100704000908020604010008000200000010000
007000400001402300800090002760040053039000840000903000006231700200080001000000000
030000020001000900080962040360501074010030090000804000000040000005209300806000402
000204000004105800050697030320060084005000600010000050002070100078000540000000000
020040050907100402800003000009800003008010200200007800000600004702004108080030090
009800204400000060003090000200080400900615002006040009000060800010000003804003100
420005006000008709080120000740050900008702600005090078000089060504200000800500017
063000970040080060100090004000020000030174090200000006006000700080503040300040009
000070800100503090006000035050007000027080460000400010610000200030804001005010000
100007000000309608030620000600000080700163002050000007000081040802904000000500001
702010405050040020004000600570000061000000000000807000400103006900070008806504203
020070008000000430000504002800000029090237060760000004900803000036000000100020070
200090004469000327000060000026000410008105600500000009002609700010000090090050040
000000000000020000830000016040705060080306040590000073003804100024000950100000004
700008000000007840000900023001700680002010300037002900680003000079800000000200008
000605200026300090500009030604000023000000000910000807080500009050003140001207000
009702100800000006102000905000346000000070000604000203700080004006904700000000000
000010800070640030300005000009050020540302019080090400000700002060031040003020000
000050000000802000000109000900060001507000908180000032030605080760000019800904006
030408020605701809410602035007000900200000008060000010100000007070843050002000600
000309000050060080407000603235000416000040000070010020000000000706080305008704200
000010704000000020467200090100020040020105060050070003040002975030000000509040000
000080460000040080840500002102700000080106050000008107500003029090070000023010000
003000000580070090600042501900000050000634000010000008207180003060090014000000700
020000050037000920008602400009000800840000097010509040900020004000368000000704000
070060230800020007106300900000040800410902063009030000002005401700010006051090020
007000000100300060050060403002008009700604005800500700905010020080003007000000900
004000500010705020000824000060000070042000130005060200009030700000040000107000809
600000009000309000080162070000804000030000080070090010405000307068040190000020000
007000600040020050150000079400000005085000360310207098068000940000604000000080000
003509200028000690004000500000090000000704000090302070150000086080000040406000905
300000709100700030050060108090208400000000000001906020406090010070002004908000005
000007900300000000051009026000058307080000090407190000170600240000000001008200000
705000106200030007301050208007000600000102000100604005500000002060000010000469000
700230096603007000000085010027000003506000901800000750060850000000700609370096005
000000143001023600900600070010800300009000400008005010020006001004230700167000000
030100400020000035900700000000401502000000000408506000000008004680000010004009070
407602108000708000001090700180000076306000209002000800600203005000804000700000003
300060002000050000004301800002903600010605080070000020700040006006000200520000018
080670000000002007006500800010204305200000004504806020001003500900700000000048090
000000006060570000209304700007000038300457009510000400001605204000082050900000000
050700130000090000047610009094006005000030000100900280400051890000060000039008050
600500007008076000005098610093000006061000890400000130036740500000830400800005001
009120460008006500000000000020700190900000002074009050000000000003500600057014800
050200900000098005910006000005700006260080091300009200000900072100830000006005080
040000780300090005105007900006302000050000020000609300004100503500070004067000010
670900000000760004209000000081040700960000081002080350000000206100027000000006078
080300500007489600000000000030010705205000108709050030000000000002691400004002050
003706100000000000160000024000010000009000300010805040031408250050000090206109803
010000063027000009000080200502600000000704000000003105008020000200000970360000010
006703800070600005000080009030000907005030200908000050300020000600001070001804600
000060010003005600000203098670000000500134006000000049790801000005300100010020000
082500000000603009000024003024000031001040900690000480400960000100205000000001670
007900800080700050405000301000080032000305000850010000906000405030008010008006700
006400280580090070400000006000305007060000020700601000800000004010030052095004100
053090400000000032000304007005200046100000003490003200700105000560000000004030650
509600000010003000030500104000000049300070005280000000601005030000400010000006408
400813005370000012000000000000000000203901806049000150760020084000080000900735001
016000370050000020000601000580000012061050780200080005008000200300020009000507000
000800200040900000620003040000040130002000900037090000050400023000006050008001000
704293000350001000000000070000400209070000060809006000040000000000600095000172803
030821050000000000100305004300000007040107090900204008000040000004050600070603020
400200008030500270060080000000906015007000600310802000000020090089001050700008006
300160000076020000510000000000270905009806400208054000000000019000040830000091002
000700100080060230210080000030006001007108400900500060000040017073050020005007000
090004030600000001008530900100603400006000100005408006004095700500000003070300010
000040000402106809050000010000907000600438002007000600070090020006000500200504007
005000700010000040000597000008403200000000000040981030800234009004000100030000050
000006078580701000003400000009100007040509020100003900000007500000805014710300000
394007000070000030206000009900208400080605010001709005400000107060000090000900354
041000520000000000002401900409050307000000000700080002200090005908705203004020800
080320000000000007620070400010003500902000104006900070004080069500000000000097040
010008003004000268600000100020004006090605030300800090009000007865000300700500040
007906200000070000020508090300000005600315004002000800010000080030020070090807040
026190047700500000000060029000280490000000000091076000910040000000005008530017960
005800000009067500080000076020080003040795060900030050210000030003140900000006100
000003874003000001700090005000420000045000180000038000400080002100000400982600000
009502030650000090002006001007025000100000005000380900700200300090000024020403500
000109000000070000009532100890000041002000600067080520004000900028090370000827000
900050001070102040005060200000405000040809060000010000008000700600030004003207100
700609005049000280200000001000203000060090030002168500007040600800050003000010000
004006300059003060300008057142000000000030000000000645520400001090300420008200500
040000080100304005200509007002000700000000000080251060701040809400020003020000070
000407000060205040010000020040609050003000200100000009200080005950000082004090100
700050096000006000020000705000004003307105609900800000809000030000400000630010007
060000570005000809000206001000900008006000700400002000700603000308000900054000030
000907000030518040500030009020674030040000070010000080700000003100000004050209060
209500000040021000030604100900000500708050401001000008003106070000270010000005604
003040800008060700050302010002000500070000090600403008010256030000030000000908000
502960000036000000000000062005700640700408009049006100120000000000000780000097201
300080007908000301010000050003204700000308000009705100780000035106050804000000000
630080091200009506015000700060070000100608002000010060006000320701300005340050017
000105000009060300650000097000807000003000800400209003730506024500000001002000600
013000750000638000020000040002701900700203001900050007305000104008000300000304000
600007000890002700100040090000006010009501300030400000050010003004800051000600004
030090010800600004007003500004908070900070003060201800002300900300009002010050060
504010600100500007090030508000200806000000000305009000703090080400005003001080409
090370060000804003030029500009000200700080009002000400001430020600207000070098040
002000008050908070096007500003100009080000060500006400007600140020304080600000900
300105009005604100040090060000000000809000405600902008000000000407010806506000704
006000300000602000502000107020000070100408002007905600001369400003050200000000000
190502078200000009004801500010000060300020007000905000500070006067000830800000005
090041000008002401050800000600200000903000608000007003000003010809500300000170060
000908000000702000905000701000601000709804106040000030406103908800000002003000600
000400200000079300469052000700920008010000030600031002000280715007590000005007000
080000010002000600014070350006905200001080500800604003240000091000109000000050000
800004072005000004003908000000093001000010000200580000000209600100000200540100007
060000020104000605520000074200509007050030060080602010030050080000816000000403000
000050047000080609070006000003000064401000708280000500000200050602040000350090000
000005400000000091058940300700594000001070600000613007005036720630000000009400000
500000004400109002802000701600000009040000070079000520004756300000248000000030000
900000000034800500000030070208007010160203094070400602010090000006008250000000003
006087400040002050700040003360000000509070604000000025100090006090700040007430100
004800000030004060000130004060507901001080700702906040900071000040600090000009400
008007000000000490040302087025098000070503020000270650730401060082000000000800900
000821000007406100000050000500000004010000030000205000009080400073000810120709056
090000600006502000010600520007000030005901400020000700054008070000705300001000090
750090036400503007100000008000000000203407509040050070300060005004802600020000080
009000360000209070704030001600092700000604000005370006900010503030405000058000100
000090010015836000900000700280003000000208000000900062003000007000642980040050000
000901000000000000503000209020000060056010820308040705000238000000090000062000370
600020008032006940090500010050907800800000005003805060080004050065300170300050009
200704009040000070080000040000173000300040001000809000460030058008090600003010200
000010000006759400010020050900070004602000805050000030700060003800000009095000610
031050960900030007000709000009080300040106080000000000370000098080070030400823006
010020600000000300703009258000090026000254000140060000328600109001000000009080030
000000000030841050010000070600020003090000080002108400007000100000215000080603040
001080005500000006980035070009300420000000000028009600090510083800000002400070900
005201900000060000410000062000000000041000630003609500002070100070090020006503400
019000250007010400500206001008030100000508000050090040030000010005104300002080500
080000030400070002000501000090000010040010080500628003000249000070000020802000401
108000040070004062000090500306040000000108000000060407004010000510200070020000901
500040006000080000003706100080905020002168500000000000409000705000000000806030204
000000930400000008021053000000045003004901500600730000000590340100000006048000000
700003080040060002000004090860140070400000005020097018070300000600080050080400009
009000200000903000080060090800090007500000004130507062000846000000000000026309850
000053096800007000000002100580300010400000008020005043006200000000700002170560000
050020010107403609000681000000000000601000407048000930500719008009235100000000000
000106980000800100000004603570000092201000806690000051109600000002003000036709000
030001000000509003207006008702000005008090100500000306400800709800704000000900060
420030081300000006078010530007000800000000000130000067500070008009502100001349600
000700800030059210260100000080907402020000090906402080000004075075890020002001000
000306010105020600060400020200000108070090060908000007030002080009050402020904000
400300081000000004198070500900030100000948000006050007005080419700000000380009006
100603005080050090032090640018000950000405000040060030450000028000000000009000400
603097004004000009070020000012008090000030000060700410000080060200000800400560207
000426000000000000002517800590000037100205008040603010700801004020000070009000300
300700008002031700070082010068000009027000180900000270040810060001650300700003001
006000100080000040052000960071904530030506080000020000098105320000030000000798000
300000008020010090890000047000506000002341900080000030001000700008030400000907000
002035060640010030000200005900752600820304071007168003300001000070080056080620300
800000007000305000005010200052106340000000000000928000201000604060704010080000050
620507100090010080501800006000000800070020030009000000300008901080030070007201048
008090400600030001070000060007402600006010200030000040000278000000000000405901807
000000000750409032000635000000000000009020800005301900180000075070864090093050280
000901300004803000900020010340000097001000500590000068010090005000408600007506000
008000100304000706020010040000000000400532001000987000672000419009106500050000020
670300804008009020050000006003500070020090060010007300900000040080200600201006083
006040500800060001700201003008000700910000068000080000005070300600030007003409800
800406005000090000090030010248000536061000940000060000004279100020000060500000009
020001700000360905570090000800000030039000250050000009000020041301045000007800090
250010007000200005008460900000000170905000206076000000004058700600001000500040062
800070009026108730000402000000000000073080650000060000008736500704000301060000080
000907000006805100200000005100402009040030060008106700700000002003000500000598000
010050070002897100709000408000000000980040037000102000400000006030000080026070310
000000950000180040002400001420008605090000020508900017600001700010043000057000000
800200040000008025001000907000800032000943000340005000506000300190600000030009001
000050006120630090000000417000000064030908070290000000948000000070094081500080000
960000038000000000001070500800307009000618000310090075090060040627000951000000000
000804000900000003002376900480201035025030890300000002006000300000000000013080450
000142009001000300080300050012700003070000060300005720060007040008000900700453000
460000039003000500905806204000000000600923001004105900340000098000000000009302100
706003098500960000000047001908000060051000820060000509800650000000089006620300905
000000000040207030960040071000090000003802600480060012008070400150000029000609000
000018200100000060096700080750080000200904006000050079020007910070000003005490000
005070400600000001020050090400602005002105800050080060070908010504000908000000000
000302700002090000050060320000081030804000601020540000063070080000030400007804000
000043010209051000000800070380000700670000041001000056050004000000120405020630000
090050004040900061001400000000006400300714008008300000000005600620009040700040010
800200300569001000002600000700190040090000010010026009000005600000700524007002008
700005302030007850580000000910060000000531000000070063000000031059200070304700009
004718300000203000000405000008000900060000020500080001050642080600109004900000003
070000200000003001100682000093807400002040500007205690000376005200900000001000030
500000004019000680000308000700806003000192000000050000002000500060030020053204890
401027006900000200000005304070250000000806000000039060802500000006000002500970601
005090006800000709000060580040001203000306000308900060084020000503000004200070800
905008001030001070000600004750206900000000000004109056300004000020800060400300105
000000100020010360316087400001070000042109670000040900003290546064050030005000000
001000600000846000040070090060000010890104025005702400000080000310000056400605003
907600420000710090030800500000400900050000030001003000005009080010076000093008106
005600070000003106001080040900035800000908000003140009040090600509300000020006700
000198000000504000100020009003000800200000004045000360060759030070861090900000001
409000100000900604000000030200010309104308206807020001020000000905004000001000803
000605000200000008003201500006000300009000100720030084902000407000050000057090260
003800000704019002000030060075000810000080000089000650010090000900370506000002100
008000000000250700000004601040000280090706010061000090207800000006043000000000500
000357000002000300000102000620000087007604100800020003098000630056030290200060001
009500030643200090000030024000000049004000300510000000280010000030005271050007900
094010830100300005308700102000000940400080001019000000506009304900006008073040650
003567900070000030800090004000000000001703600007040300100000009708901405060050070
560007000700000002009304150100400008000070000400005006074601800200000003000500024
600007010000146070007000900765000400000000000009000365008000700040875000070300002
005040000000900400082007905006109070700000003010704600209400750001008000000070300
080007040704000006002400750900504600000020000005906004098001500500000201010200030
007020000010000060902800050000006009604902503700400000050007102020000040000030800
090074300100080026600100800009400060000000000070008900001006004950010002002340090
803940007050000040000002009007306001300000002400201300700500000080000020100038905
700400000082900300030078000008090004014050970300010500000180060007006210000007009
056000010890005043000400006070030400000784000008050090900002000580300029020000860
000005000605020700701008940000000020000906000030000000046300501009040206000100000
580300100001050800070009000097000008060000010400000570000400050009020400002003096
010800000000019006007006280436000700000000000002000348073100600500380000000005030
050007030000300900309008002000063200003000500006410000100800704002001000070200010
060128050009403700000000000000506000005709800000812000048000970090000020503904608
000030000090207030210000048704601305100000004000408000500000002000506000308020106
006205800800010003051000460085090310040107080000000000030060050070000020008000700
020000030600000007053000140001809400000305000090702010000090000700000004019030820
080510000010000039003000200000942005900708004800361000005000600130000050000075020
008005020000091500001000940100037000530000019000510004096000300004680000010900400
000000000006745300100080004003000200080000090500368001000407000004136500010000040
080400100010030045400009000008307001070090060100806300000200009950070010003001070
500010000180730900300900000054000008001805400700000510000007003005084069000020004
010030060020000050006809200007501800400000002009000700070203080500704006000010000
300006020500020861020100003000009000008501700000800000200005070935010004040200005
900300602000200400720046000003000026006010700590000800000670051007009000602005004
003000800000040000904000203000568000061000530205010908000000000600907002100426009
940200000002100040006007290000031902000000000305620000057800400010003800000009057
405000700630708005000500030000400080360802051040005000010007000700609028006000107
050030900043100025600080030000000060904010703080000000030070002570008340002060070
903108205400070003000209000600020009005000800109000602240000076000010000000604000
900020004002104700010607030040010020001578400006302100100000007000000000804050201
030900010000610004010000200020004005907030102100700080002000030700061000050008070
050000030400709001019030840004000300970000064060000010000102000005678100001040700
000100049003004708000080100030007020400020003020400090005060000801900500260001000
100000009008091200090003040061307000030000050000106370080600090005430700400000005
060030009000074006000000850000200705091000320807005000059000000200640000600050030
006000310700130000500092008001000030058040720090000800600520003000069007035000600
030027019000001000690005020089000007006050300300000860010500086000400000820190040
400017005060300080005000400200070040600802009070030006002000100050003060800190002
000480601620000040000000800000030004085040790100050000003000000040000087509067000
610800200700000050000040000025037608000000000309260740000080000090000001001005023
290070051360050028000010000100000009035000840020534010070020090000643000000000000
705001000000040090300805004006000072200000009530000400900708006080060000000100705
308009002000000500070050934000067010000802000030910000867020050004000000100500608
090804020400705001000090000620000054007000300930000012000050000800407003040103060
800609000002000008037400002000500046000703000980006000200004680700000300000905007
078900000500003804040500000400009006009010700200400003000008030601300007000001250
000751000000000000001364200100000008580000091703020506800207004000000000340090012
800010005000309000901000308030090040000507000500406009370050014180040037000000000
090050010000604000206701409807020106000805000000000000900203004000000000570000023
014005003008000000050000271002700000030981020000006300569000030000000600200100490
300800000000009120700026008000400093800000005490007000100670002073200000000005007
300000004105000209809040706000010000000203000910000023400000005008407900000906000
000009750500200003000036900040080309020000040803060010004620000100004005078300000
000205000004010200600000003000709000090080070503000109200090007810000064007000500
020000700700100045085030020070005900302070504008300010050010370830004006009000050
704000038500003000009004706071050000000902000000010940305200800000300009290000503
074900030960000057000006009009040003000608000200030500500300000490000081080007240
600020005000305000800000009014000390200000006008070500506907804000060000000108000
900760001074020000080005003019080000000000000000070830600100040000090750800042009
000218000008309600000000000607000209100000005280070043070000090090604050400000006
050800600000500003706100200000705426000000000625908000003007108500009000001002070
002005098000000300701900000005210007020706050900083200000002609004000000250600800
000608000001070500600090007100482009080000050090000040930040015004907300000030000
000000076000078204000500030005903001800000002700205800020006000607350000130000000
200000004015040030003200190000402700040010080001308000056001900090070210100000006
706000050001090000000150760200869000500000006000315004028031000000070600030000102
090020000005700010007805003604000080003090700020000301900206100060007800000030040
009208300052070680080000090000040000090605040730802056070000060003901400900080003
300000029409000500700308000000050412000030000972010000000109005007000201290000008
290000034000000000100040006005128300400306002003000100000687000008214500000000000
200605008130040052050010070400000009000307000080050020540000097070060040000000000
800000009002500700071004320003050040000706000010020600038100450004005900900000006
940003080800910000002000500608020000005000900000050204006000300000036009030200076
000489000400020006090000040005000600030000090700060004004050200080701030570000089
000201370708000000501000820100704008000020000300108007094000601000000402015906000
208000104003000200760000095050308020000050000000271000030106040805040603600000009
305010809700603001080000070000701000057802410000040000003000900200905007090000060
000010000080030040060908070000000000098040760307000105710402036400506008000000000
800040009070000030096000540020030050000000000007506400100907002908000105030000090
604105809000000000900030005000000000001796300060304080007000600000218000029000510
000050000734002000020004603496001000000000000000900486605800040000200857000010000
804000002010750040000804001009000360030070080045000200400201000070043090300000406
070000030500804001040306080000000000305601708460702019009000100020080040000020000
008000500000607000000020000042000390980504062300000005070000020004902600100308004
020301040810040032700000006306508201002000600001000800007802900000050000000607000
036008100005060003100900026200000400060000050004000008680004001300050200001800360
800607004100000007070030020003000100010209030000050000005090800090010060400703005
700004006001050000030600070906080020000579000070010504060005040000040800800900002
500430091109005000008000750080103009600040003300706080063000900000900308910068007
000040050078610004305000000100000700027000410009000005000000603700096580010020000
017090240000000000400050003000401000703060408000000000500236001106908307000000000
900001000000020007430080200080000001250307069300000020003070092600010000000200006
060005900004602000002030001100000890600050004045000007700060200000809700006700010
089300700103040060000000000000400800051020930008009000000000000060010307002007510
500020006040070030030905080020301050000000000100000003060040020080000040700602001
208000096130900020000062008003509040002080500040306200800290000060004052920000804
006080900800691007100507008000000000000372000460000082005040800023000410000109000
040500067050000008009008000000402780400050001065803000000300200500000010980005070
090800300001400205260010070000000027007030400910000000040090062109006700006005040
600070009000000000004000300300702004040103050001608700050080010480000063020000080
300104008040708030000000000000907000067000140058301290003000500019050360000000000
700000009006020100300104002000206000000703000050000010005301900070090050069000780
803000001020009480060800003070308500000000000008902010300005060052700040600000307
060040002000900810200005040047090001008000500600070430070100008083009000900030060
920000067000050000003000500100000004300401002500762003700000006000806000809040705
098000052060008700401000800040801920000070000027603040004000205006500070570000380
503900802060008010200000004040283006000106000600794080300000008090800070801002903
030000010004509200500000008000407000080090050002080900018302540020000060003000700
000507000000030000580000079009000600000382000008609100305040708804060905010070030
030100040700890005000065000001000062078000930420000700000580000900043006050001090
510080400000005100000000095020750006401090702600042080340000000006200000002010064
000001070050070100170900050300050080004603500060080002010005024008040010040300000
800149003090060080400050002000030000083000240070000090000090000041000750009607800
030060010000401000000000000069020580008000300000708000801902605300000002020845070
000700049030490700000036001000600050020307080050009000200160000004023070560004000
082000150000000000010060030000801000700040009200000008500607001003000900070583020
900000006010009420047002800091703000000000000000108250009200730078900060600000002
000907000097305260800000003900020007028000510003090800009050600010000070280000034
050070010004060700190000052000617000000000000072040860005193400040000030900080006
000000000030506070207000504305000201000000000102903607000208000400000005093040860
500010008000060000001408200030000040016207930409050801050000080004000300020080060
000000200038029050600700030070050900050891070002070080080002007010680320004000000
500003004003042000008005360832000000060000030000000798081500200000720800200300009
206010007003400000005000318000709020500060009010802000927000100000007600600090204
000008902720005000008000040513000600080010090002000317060000700000200069104600000
910000004064000705070092000000620070000709000080034000000280060107000280800000041
000704000000000000001030200050000020020673040900105003600040001300809004080000060
690100708700000005005000260000302080060507010050609000086000400400000001507006023
000070600080095010070001009009004003010000060300900400700100050090740080008050000
010804070003106800080000050020030080850060019000907000040000060700000008508000102
980000002002007005004300980020060700000901000009080040078005100200100500500000024
020003007403100800000000403050900201001050300204001070805000000002009604100200090
057000091000000500000042300760080050010796080080030016005420000001000000840000670
008060100260000057000040000900000005500928003801000206300000008000050000002704900
790004001400000760001000009050001003006090400200700050300000500075000002100300096
080000060021806930060040050203000604600000001050000020009278300000401000010000040
106000502050060090700000008000706000000204000021803470007080200200000009508609703
059006000006900705030100064200000480000030000065000003580007010601008300000400650
470000801000008307910060000060401000001000700000209050000010032302900000106000075
000260005030000800000837020001080002083020910200090400010579000007000090600048000
000000000002509100105060704300000005010904060009020400001603800090070030000892000
040308060000090000006204700090010070300060001007000300901000807400020006060107050
030029700098700000040000001004070900005030800003060200800000050000002180006890070
001430060300600000000019003002050041804702905590040200200370000000005007070096300
000203000030000920001800005080060047709030802350020090200006500076000080000905000
040529060500601009000070000000000000702050108104000602280000036000000000010803040
000426000020517030000000000010000090008000500700000006030060050602000908050000070
104000006200065018000300700000500004705000103600009000002008000970650001800000509
004080300050000040006703500038000250000000000209801603620000035400102006080070020
050000010000086023300900700000507900030010070005309000003001006540870000020000050
900000010004000800078004020000907003002603400300508000040800570001000600080000009
100000004008000900600809005000010000405000609009406700340000076070000050000167000
020009000140000006058047010080000605000080000407000030060410320800000061000200080
008027003300000000700040100070900062603000509290006010001080007000000001500260400
032049000100300700000000040706050009005000300900010805060000000007005004000460230
400605007076008040000040050920000005003000700800000013030090000040300580200104006
070080000008000679003005008050039007000040000900560080300100700187000500000090040
006080000098200060000007082002050040100406005050030600740300000030002410000060300
307800205000900000500043006006000013008000400150000800900370004000002000203006107
000431000060005370053000100840607003300040005200803096002000830081300060000198000
080040050056809740010705060097060130000080000001593400008402900200000004005000600
910080060062091000080000097600008050000040000090500001870000010000710840020050076
050000020013080760000302000020060080008709100030000090160000035070506040000030000
006000002002060941000890500000000300030651020008000000003019000654030700900000200
500704001000050000006000300200000009008060700005201400090000080020406090000139000
000200000010680070600000003809000010500701008020000507900000006080027030000009000
004020800000803000608000109001309600000742000740060082009506300000000000500000008
097300000000001006201800005040208000900000001000609080500002704800900000000005620
010030890000094002000600005020060100060103080003070020500002000800940000049050070
500000003040000080200368009006457300000803000000000000000010000004905600095206140
050700003706310000300040200000000051800030009690000000007020006000079108100008070
000000000800719000000005304060007540700050002043100080207300000000574001000000000
010507900002000006900003010204000005000090000100000708020600004700000300009408050
500308006040060010020000090407000805000000000600594002000000000700246001060050080
000201000003906200070000080020090070080000040009803600900407005401000706000000000
000070000200000005078903410050706040036000720710040058000030000020501090000697000
003060700000800300620307005007938420200604007046725900900203078004006000002070600
040050020092070480003000900001968300000000000000745000900304001030000070400000009
900070004200106007003000100030000060100803002070050010000090000080010040090638070
300080002000106000620000045000234000700901004000000000070040080090000060500702001
000100000048053010001900460050602807060000020204705030026009100010420580000006000
053020190800000002006070500040801020000000000500090001080204030000000000004319600
060030000003000001000706020120300480904080306035004012040207000500000100000050090
400200000039400000001000030003720500050080020008035100080000400000001970000009008
100500062004001000000680000090003500005090200002400080000034000000700300750008006
061240000000007001000180003090000205307000806605000030800079000900500000000016950
080709200000015000407060050002087090000000000030690100090070805000930000006208030
006000000500700040900002006800100402004238600301009007600800009070005003000000100
000100000000095100016080700080030009029608370100050060001060930007510000000007000
900000008480000021600070009050216080060504030000000000000125000000040000030709050
070000060400000005906507104001000200050604080700020001840000032100000007000493000
000104000000962000904738601000000000601070208409080105005000800290000056043000910
040060072500800000600047000450006010007000200060500094000450009000001008890030040
003000000200300650069008032000090520900000006051070000820900760016005009000000100
604070309000905000057000810340000078000108000005030600000090000030806040000413000
007600200000032100230100009070000402050040010401000030600005071003760000002008600
705203108000605000000000000000050000100000009004701300501030904600000001409000705
900651004040000060600204007700000009000070000006319700408507903570030016000000000
100009003007180500060007010301000080050000060040000205020900050003072800400600002
007000200060380070800900006000020760090146030046030000600001002010058090009000100
060304090200100706090067000604000017002000900970000203000230050806009001050406070
009040300060000001040002500080050003057020610900010080004600050800000060002090400
004010800037000160060030090100050009000907000000401000900204003080306040000000000
009020600300000007405070102900507006050302010001090400000938000500000001007000900
700093000000400007240000060980200600000060000002008045060000058100005000000720009
200000006006024100080607020048070600070503090002010730010708060007490500900000007
900000008008749200300000001001804700500010009000293000060000050000080000409000807
800900003060320080003005600001050067040803010790040500008500900030012050200008001
030140000010075038005000600050010009980402057100050020009000800320590060000084090
060710000290040000410005000000003608003000500809200000000100043000050089000032050
600030009000710600027800400000000160290000048075000000003001920004089000900060004
430002001000005000075080003021000006050070030600000150500010290000200000900600014
080530000004060008002400160000000906470000082806000000013007800900040200000082030
000006080405000000000953010804060300007402100002090604070615000000000205050200000
053000940400000005107000208005809300000132000000000000010090060004020500500601007
000300060004060900160070040502000008340000072700000306020080019005010800080006000
700904001300070009000503000027000940010000050400207006006829700048000620000000000
290000038000000000503000206001040600002000400070168090010209060600000009009010700
010009073004060098090040200060000002000276000400000030007080020680020700120600080
700800005049000080000052040004908006006000400200603700010430000030000170400001002
057108000000305010680090000000000301090000060203000000000030058020507000000809740
745030968002000300060000070900708002000060000070000090051204730400080009007000800
070504900000009407000100600009000001108000709200000500001003000604200000005601040
000400510008020900070500080000009140040103050061200000050007020009040800034002000
690000031002000900000931000400000005009105200207000104000070000000502000070384010
400100000000000059900305600100030080097000230020040001006409008870000000000001005
008607500300000006001050900080020070070000010003701200090376050010000040000080000
000080102007003006010500870900600007000050000600007004069004080100300700703060000
000007150060020004070890020607400000000109000000006507020048030700010060089700000
600010007030050040800206001020000010000301000003702500901000803000803000050000070
000764050408025000000000090710309006680000039300607015090000000000470901070893000
900070003000942000078000910000000000090716050107000602000000000010438090080000060
080006100600700009000004005008060020010327090060050700400100000900008001001600030
030010080000502000601000209025647310000000000703000504104000703000174000000308000
700894005090070060041000870000000000070346020000715000904020507007000600010000090
001025000008790000000300096100000620280040057059000003830002000000056400000930500
200000001801000703500090006000605000300070002020000080900030008005000300030912070
090004600007960002200003090602809050050000080040502709010200008700091500005400070
807200510000040090600500000003704000700000003000602700000006009050020000089007302
005000100210050048800070003004000800780000069000607000000020000000804000406000301
000080000705030100482100035560000070000000000020000013150004362004010709000020000
200500000517000000008067000340080050000000000070010086000290500000000734000006001
307000029540002080006000405090803000000000000000105040705000800030700051820000907
400050700080400093030600100007940000000705000000086500005003080160004070003070002
800070003000000000026308490000709000007102300201030504005020700040000050702000901
700060003020000050600503009000178000160000074000000000206709508030000010075000690
005000300690030051710000096020040060000060000900502003000070000800000005060409020
090005204400703000000090006000804300700030008006201000100080000000302009209100080
600809001000570300050001000706000094020060030430000805000100020004097000100208006
700600004050000030410002000008001200670040085002700600000300071060000050300005006
204003901060002030100079004652000000001000300000000245500380002020400050903200806
000090000090724050400000007800902004500070003002605700000409000050107030007080600
150200006004059008000100050080000901020000070507000080030001000700480600200006095
030580001800060030000002000123000700650000083007000196000600000010040005500027060
068000320005000900700821006900040002000000000000276000090080040040193070070000030
601043008080605010000000007460020030700508006090060051100000000020409070900850104
000000090500701400037004600093106070000000000080409160006200310009307008040000000
560000023000000000030201080040000070000964000003708400250090047079040160008000300
010006020600001970007030010050300800060000030002009050020010700035700004070200080
030701050240080019900000008009204500004050300100000002500809003000070000002603900
048000760200000004050104080009040600000217000000000000005706100300000009070809020
006090700000005600340700002060157300700406005001932070200008031004500000003070500
516000400000050000800901000920005800060704050004200091000409008000010000005000176
409008000031040005600703200000304050000020000080905000004807003900030560000500104
920000057000804000060000030130209074000000000070145020609070302080000090003000600
200073000008200400700000280920350040400020005050041062067000004004007500000130006
000003000081070390036001780609000000010050070000000409042500630067090540000800000
000700030090004200301605000000006010084010590060400000000503104002800060040001000
005060470807024000900100026070000500130000064009000010390002008000490605058010200
049000000700004000003000510000093000031875690000460000026000700000100006000000850
000740090376080020000002080001000002920070053400000900090300000030010678010058000
108000507000502000060173040001249700000030000004050800870000019010020070005000400
000004100043820009100003070000700008970000012800002000090300001400059230005200000
340100095100500208050000000000050073000948000610030000000000040401009006980006021
008009000060000430027030608200904000006080900000607001804090210075000040000300700
003000000007005203001003059030080600200000007004020090490200300806400900000000400
000459000020000050000080000003060500005207400210000098001000200870000043094000860
000109600800200700006003040408000205900000001301000904030400800009005002004802000
600030002300108007000000000030000040020040090008209500084060920009475800000080000
010900700005001004700800010050030901000207000304080060040003009100400200009006040
009217600030050020006000700004000200260000098090000070072509340045000960000406000
031800409000000070640090003002000050800010006070000900700080032050000000309006140
100700004020010800847000001000809000780000053000603000200000419008090020400005007
006830000020900010001006908002000084300000005190000200208600500060005020000098700
000060000790000032000000000000403000500109003001070800040206010006508300800000009
020060070000708000007030600010000040200080009004000800008000400700050001006192700
005600702000010308000000040000703200602000107007901000010000000506030000708004900
000050000100203007506809204004000800000000000020705040640090028050000010900000006
004902500000080000001704900030000040902060301700000009600197005007603200000000000
009830000050670030000004006005000021240000068160000300500300000030051040000028600
056040010200008503030006004082000000600000001000000720100600030307900008090010650
007000920190780060000062000000009400950000036003500000000890000040025081076000500
000609040001084000600070300000900002500040007800001000004050001000710600070406000
007000320500407900360200004010000460000080000046000050100006049004309008089000600
504217006068000103000000000800065000006803900000470005000000000609000510100652409
000703000000010000450000071780090034200080007010050060006000400007608300100504006
009407300270000095108000204000146000010000050300000008000698000500000002000302000
000080070730002680090603000067000500900020006001000890000207040085900067070040000
000702406100003700090000000000020390006408500043010000000000030002800007408301000
084003000023001007059080000000406200040000090002709000000060420200300510000500780
090060040500408002000000000300821005480000013000000000030147060700050008020306050
000360520020000000009470000200000008018040230400000005000086100000000050086097000
020408030105000608006103900000090000002716400600000001000000000907020304001937500
060401020300070001080000030000000000607309208400020009020904080000503000005080600
040600530007800060800000001000400050700158009080009000600000005090002300032005080
003080059650700300007004080000205003205000408300408000070900800009003027830040600
480070023100402009005090800340000091060000050020000040000648000000030000000901000
600000008002607100010803020000142000070000050000080000096000510008000600230060089
030000060400030005000187000020000040790603052300050007602000301070000020000412000
490000012007000500300000008000060000700201009080709060010806050500402006004030200
070001800000807000604000009010006050900000003020900040200000407000208000005700080
005400090400030000000205084007040900200000006006050200580901000000070002040006500
104000903000000000030000050000020000620307014000090000200908006060573080098602430
500204007000080000004307200680509041070000020100603005001000800820040019000000000
810500006006000500000000024080203000062947380000806070970000000004000900100009048
078020590000000000001000200800307004100050009705000108000030000009271300053090410
400708006000030000090000070000807000030906040100304009002000500007000200019562480
000070100002000000051004207300690010500040003010035009409100860000000700003060000
000601000020000080000847000902000801030000060106502704050973010040000090009000500
600090200000520008300004090001000700000239000003000400090300007400065000007080001
030001070810700094009004500907105040000040000040207805001300400350002087090500020
007002000060030070003700209800407600040010030005803004306008500070050020000900400
400125009500609007000080000601000503380000094005090100200010008007000200030000010
090800002000701009040005008002010030060000090010040200700500040800103000900006020
000000000540020038800107004004000900036070820000000000090000080001609700008000200
002504007900270010080030000041000002090803070200000890000040060020051009600702100
007600050000705360000010090001009007680000019500300400060050000038904000040006100
040007090300000007002310500800905400007000800009108003003089100100000002050700030
008010097000007002400200000085024600000000000002930810000002001100400000960050200
500301008000000000009608200030000050100080007405000609000000000020509060001436700
007000100000040000042596370006308900050020080038050460000000000090030050800000004
080002407000004900100083000700000350003000100041000008000290004007800000502300010
000176000000000000500090006060000010100204007403000209200060001070423060080000070
000001000501003908039805000006400050100070002050002400000904720204300601000200000
000500019000300005000049700700050040041000850060070001007190000900008000350004000
008005000060081450070360008820000900035000640006000023400032060053910080000800500
005004010700093200081000709450020000070608090000040072507000420004850007030400900
003100900027500000000060830600002400000040000004300001081020000000005340005003200
003000700040098010900407006037904600080000090009106870300802007090710060008000100
006040700500703008007000200070060020602000801900201004000534000000070000450020087
000594000000201000003000200907108304102040609050000020000802000600000002090010030
007009000003500004902046000070000260030060040098000010000420803400008100000600400
007028900030017050800004001574000000360000089000000476700200003040870020003450800
056007300100000007004095600005040060010000020040030800001520900500000001003600570
008079600090001050700000002940706000600030007000504096100000004070400030003190200
060010070000458000000000000008102500001090800600000003900607001052080790000000000
052000100900000040000030200760095001095000470800140095006050000030000008009000750
005008900090001000700000083500000300000567000004000008860000004000300020003900600
010400730207080001400700090000000102070000080903000000020004006500070809049008020
040020070000000000071804520006000800092080140410000036100546009000000000050902060
040060070301009005007003640072000000400050003000000250024600500800400902030020080
060019000780003500320800000000120000030000060000094000000008051006700082000650040
004800000001037800080002045035000009040020060900000580810900020002160900000008100
004803500930000082007090300000000000001752400300000008010409020000605000400010009
409000002080010670060800003000501700070080050004602000800003060045090020200000408
081003006007000000050071800070006302000302000306700010003280050000000600700400920
090003500870092030003800001000038000300000004000760000700009300030580027008300010
309000800006580900400030000003200001500010008600008500000090007008041200007000405
390000170000000080410008005506020009000501000900070508800400056050000000064000091
900070061000608000802000070100020050090846010080010002020000506000307000310060007
001600800700900003048000050000050028009030400560020000030000210800003006002001300
002040030080009002004260000900000000703654801000000003000018500200500070060070300
200043800300000000000802050000580600100207009007019000040308000000000005002450006
000080000900040002308769405000010000800904001006000900004090500701302608000000000
040080200000006007600540000070060900904805301008020040000094008800200000006010090
060000080208306705900020003009000300007040200800201009000102000000405000006000900
005030008000270000823900007380000002000407000400000095600002754000053000200040800
000605000030020070800070004700498003050000080180000062360000051000139000000000000
002100000006003902010000470200031007078040130500680009064000020907300500000008700
000200109000750200300001470003009708000040000206100300048300007009082000602007000
000007980820500670360000000200801050000000000080309006000000098018004065095200000
000090200200000035000340090001900060004516800020003900070084000510000008002050000
504706009070004050009000406980000002000010000200000087402000700050300090100807305
010000090409000307300080002000000000070906010090402030050060020001020500700000001
000000000300906008027305910000000000804030201006572800002000400700000003900764002
007906800060000020500030001000403000006000200080050040070304010200000003600107005
200800001005090600090600080000308402040000070803209000030001050006080700700005004
000000000310000059609000308001657900000802000580903064400060001000501000050000030
800003079700080000003006400601020000040309010000040305006100900000050006380600002
604090503009000000300005029003406000500000001000508200130700006000000700407050902
802030009010000040005200103000302700500060004003504000704009200060000050200050906
000004009000020500600807310007060054000000000260070900025901007006040000800500000
020501070007806100500090006003605400040713020000000000700000004004000900019060580
000005700801070000794002000000003102600090004203400000000700495000060307008300000
000020000060000040201304908020000010300706005014000680100040006070000090000138000
070001000000780000800940006204006700900070003001300409500027008000039000000600020
900000043304600500060300090000060320000703000083010000070008030006004209150000007
000298005000050000041300098010000900420060057007000040170003580000010000200684000
800000001006090300020050070400030007760000089100020004070000010000205000000961000
260010005047500190000000000000007040406000807020100000000000000058009670100050039
000000000810000075500729008007000100000104000350000029060000030002090500000547000
100000004090000050030608070006080700300000006745000938601020307400567001000000000
006015040100000006209060000000008030502090708080100000000020807700000003050740900
070000080020040005634000900701005030000030000050100809006000158900060020010000090
000000000300000001490000027805070102002090800007000300000302000004759600000608000
200000006001060300600508001006090500040010030900000007095000720002070900008000600
800604009200309007000050000020106040014000320090000010042805160083000590000000000
908005000000060083004800090000090130700504008049080000090003200620010000000200806
104508907003010500250000034006000300900000008000762000000406000600329001000000000
002090000070800050001025407003000020607000305090000600408570900060004080000030500
009000800002050600000304000090000040080905060370060092408000301000000000000128000
060000900000001000107009685058007004000030000400500760821700409000400000003000070
070000000000010720000260043089006002060408010400100960720085000053040000000000050
000000008609380200000620040530000009000936000800000074050079000001063402300000000
080500301100009007000048005097000000000962000000000610400210000700800002508006090
000000000100509008590000036060000020000941000007602500400705009001304600000010000
080403050600105008005000700030000010008050600400090007820000079000000000000826000
050619020600050008000030000740000015800461002000000000060000080004785200201000504
000006009912000005080001000400180063020000090160039004000900050500000928700600000
020673010400000002001000900100000006000147000008000300060000090004030700200705003
300400906001063800460020050040000003023090480600000090030070068007380100806002009
400020305009800000000001069004100027900207008250009100590700000000008700806010003
900845007080000030000206000600304008000050000300080001509000204230090056000000000
060000030000782000107000508002803600000050000680000059030625040070090020000000000
060010500040005028801009600096301000500000006000506230005700309670900080009060050
320000095008965100000000000000803000806000309007010800050704030200000008000030000
050030000007015904080007060021000000370040082000000150010500070502780300000060010
705402806090506030400000005000000000000348000900000001600801003001020400002704100
000040690500020000190000024030700000009802700000004080950000036000080005086030000
004120030870000090002000407000080005700902003600030000409000600020000084010048300
600800205070600080400009000004503092000000000960204300000300001090005020705008003
120008009000210700000049100005000081001070200360000500004160000009083000700900013
041650007300010005006030900060000000003109800000000090007020500600040008800095160
000000000300895002008020900004509300000000000901060407019000820080000050000407000
069040030400109008000020004040000010506010903030000070800090000600203009090050720
030700000000000091010056030500800904006040300304009002020930010860000000000002050
008000001060100040100023000005900260009050300032008500000270006090004070700000100
001304900084000030700000024500241009000906000400857006240000003060000170007503400
008200040300065800040000003060070005010608020200090060600000030007920004050006100
009005200006097100750000039960000000030050010000000083190000042004830700005200300
000208000000900820500010097130000509000000000607000041280060003043009000000502000
000080000300405006050321040061040590507000104090000070009010700080000020700000005
000000000050009100900745003060070084001802300380050020400927008008100030000000000
039000460604809305200030007001000500000000000080010020500201003006397800000000000
070004000040620000250003060004008700000307000009200600010900036000036050000700020
306070080050080600402600000200400900010030020005009008000007401004010030060040205
000009081009003465003006790070230000000605000000098070037800100921300800480900000
000504000650703084003080900900040003005000600020000010740020051000000000000179000
410200003020000014007006200003801006000000000900702300008300400530000090600007031
000030502010050076260000000100007020008000100030200009000000048670080050802090000
007002003610003000800001400009005701208000905501400600002500009000100074100900500
072000490000907000100403005000148000000030000900000001069080530080000060004050700
070900080000003050020870061018400009009060800400009710640098070080700000030002090
010000050002040700005302900060050010901000605040000090003507100080903070000000000
047000320000405000600000004000701000005904800070080030010209050320000019400000002
000010000900070005060205030040000020100000007036000410600050002090060070020904050
001040000000003050200100007120000040340080061080000079700001002030200000000090500
000045000305602008010000560000580100009000300001026000096000070200807904000290000
289000700000001004000060320950006007000070000100300095071090000400100000006000172
007000200310000048000603000070050090000108000050309060100706002000080000960000071
000638000009040800000000000106000405000209000800060003020504090010020050004106300
000208000700000002002405100007000800400706005009010700300000001900000003004801900
000070000201000906000601000904000703102040508070000040020000030007090800080753010
090401070700203006000000000582000741079080360003000800600702005010608020000010000
903000608000000000120000054000080000092000830501000206000697000007020500640508021
000070000400000008068000570500102009000060000007504200006308100000000000085607340
040000070006030900070040050900050008501308607400000001090000060800702009000905000
000402000520000073008030100009704800080020050000309000015607340000000000006040700
000030008000004160080006009005710400003000600004098500100300070057200000200080000
201000405090000070067000320000000000070050080006729500010602030003984700000030000
031040900090003064406700103010000500300060001002000040508004702120800050004020610
076510000030408006500030000104000780000701000065000204000090001300806090000054830
005600800010800020200001003803000000401050906000000307700900001030007060008006500
000400000020016007087900104000000295003050800659000000905008470400190050000004000
470800200800000000601300000006000015030907020580000900000003502000000004002001087
185060003000100006600500009000008060009030800060400000400007005900002000300090274
000003500200000040508040910700000300050407080006000001087090605010000008002300000
001038450000904160000000302010000006000281000900000010104000000095407000086390200
000900020400070000005406700002000408030020010107000600006508300000010006050009000
000901060000000003156080900604017300000000000007360408001090854200000000090104000
006208000207054000030000002000801020304000706080307000900000040000470908000503200
100080007500309008082167350007000500300000004290010073000000000728090431000020000
070000060000904000803000204030406080010705040000000000000010000602000701100308005
000050000000601000050080070070364020009000600000908000020070040040000080063805790
900600738003700005007000600002030000380000049000010300001000800600004900438007006
008000900090728060000109000006000400500000009040815020060070040304000201001903600
600803009008000500007601800070904050005000200080060090000030000301000405000507000
410000030000006090076009001000002040800915007030400000100800560090600000040000072
560000003200030060000900405906500000030040050000009801609008000070050004100000076
900060001305004700706000080500000300000513000007000005040000908009200504800070002
008530460003000000050097000530800020801000504070001093000740030000000900065028700
506000401000000000120090053003506200000030000200070006050010090007050800800209005
008060200035000160010040090504000702000583000000704000160908025200010009000000000
050902070300804005006050900003000700070619080500000002040201060001000200030000040
900060007081700020004502680003000840200000003056000700067209300040006270500070006
080302060701080405000000000006010300150060042003209600300000001600000004005000800
000508000100000009002904100000090000098060310001803600903187502500000001800305006
000602000200040009400000003000010000058000230940000018030487090009060700000901000
020007091010002000000910500003050000502000306000060400006025000000700040750400080
803000602040060070000080000007000400000359000280000013705000806060000020090206030
000206080920000016000010005075000069003705800890000570600040000730000058080103000
150020046200070008009451200000000000006030400300804009005000600910000074030000020
002030800060000040000781000300000004070000050019000630090306010004507300200040006
900380004020900070000027000006000045209000706450000900000490000090001020300065001
057009080900006070000520000503000000080103020000000106000064000040200007020700340
800000014604100000007003690006409070000050000020307800048200300000006407360000001
000060000608000103000302000090706010004159200000000000400605007007408600001070900
000006080842070360090500020500000600060080070004000003070004030089050742030200000
000000000008137500710000092080000020130040087604000109300608004000050000020090010
570000048800500602060003000007305020000090000080204500000600090103008006620000083
000025600508009000004030001400307900700000004002804006100070500000500403005140000
800020004040009010006700500060070800100402006008010090004008100070200060900060005
003000001084760900900000040000002030009601700050900000070000002006027480800000600
200001009030490070006007400307809020020000040060304807003900700090013060700600002
090052060300006902020900000230000100600020004001000086000004010405300009010670030
500002096290600300000004010086200000000040000000007960020400000009001034350800002
007594000000010400040080002700601008164000957800905001300050010005060000000438500
050412070003050200200000001100705008005000700007296500000000000068040930000623000
510207089000901000004000500405070906000806000006000100090408060000000000800000004
070010080000300000048500600080002001009060500100800060006005170000009000090040020
030100047000207000078000030350000000007080200000000096090000670000509000160003050
600470000080002000000000614024900008907020503100004270841000000000100020000098001
020006080003040009080200360635000000000020000000000435016002070900070100070100020
200000007000609000015070680907010305060000090008000700000000000700040002540020016
009000200000010000402000906000000000007168500200705009100809005705604103026301490
000000000024000310063105940300602004500000009040309070000000000000417000006000200
050000030000090000000726000010804060380000041004000900065040380007203600800000007
