050703060007000800000816000000030000005000100730040086906000204840572093000409000
302401809001000300000000000040708010780502036000090000200609003900000008800070005
000823001003000400070000052300960010000102000010038006830000040002000900600789000
500700032100326000000000000020070058010803040890040070000000000000654001230009005
760000053020080040005000900000000000040010070603000104100304009000000000006827300
140000050700200000000300204200080400080090020006050001809001000000006007050000069
002009000015008760040000051620407000000010000000206074170000090098500610000700800
060010030830605029000000000006030900092000570000409000285000716000000000470000095
600002305000970016021000009070643000000000000000891040200000530310064000904700001
007020850200516000400000006070648090930102068060953020700000005000495002029060100
003700040200954800094103702039000486060000020452000390607408950005297004040005200
014600380980201074200000009050108093000050000890302010300000005570403061068009230
400029006000700000002014900708901020903050807020806109001690500000003000300180002
008004003050097040400501002300000000047000260000000007500709004090350020700200800
000050000700000001005904800204030107003491500000705000001000700500306008320000069
000803000060000020005000100006459800002000700050302010830000075000106000040000080
060500400803004070005100000100060009000000000400020007000007600070600105009001080
236000591010050070008000400849000237000000000000428000097000140000306000580070026
640008703050420018708600400800000160090030070071000009005001906480096030109300087
020805090040090010000060000300000004008000500002901800001403200703050908000000000
500004003000071600031600400480020300010807040006050081004002730002730000300500009
000041020709502000000360090320000850904000201081000049030094000000708105070150000
000002000004010053080693000400030000970000085000080007000175040710040900000900000
600000009040000030007001000003029060901000402080560300000600100030000040500000003
410905062380072019000004000168000007050040030700000285000700000840260073570408021
000005980840000050700060000200408000009000800000102006000040008010000095063700000
403000059700400600016900708000807320000020000052304000108006930004003001360000407
020010840709200001604000290000030020800102004090040000037000602100005903062070050
000004000100760040000000239023000400000658000009000570934000000070039006000800000
050000080009000300020803010070302060300901002001000500100040006006000700000586000
207600400940000000008400900600070004000090000500080007004002700000000053001007608
010000206609080000000304000003001000407000801000800700000603000000070602204000050
200000009010060030068503410080607090005000100901000703000205000500000004000000000
700000520086000000009780010400070200600304009002060007070035100000000930058000004
020060400000400010000008500009087003100090007400530200005100000010006000003070080
010000060806000504030405090008010700000509000004020900080104070309000205070000030
000385200020406010700001000892000037600030002570000469000500001030107020005293000
000400090912086040003010520030000005058000710100000080021050900080740132070003000
205760081600000500093500604000406708100000009407301000902005840008000007760038905
008000070570200940030089005002000090001070500050000100600430080027008013080000200
090000030080000040040581060430000025260309078000010000370000012000000000005402900
010040020003859600048000570000000000090060080825000761100706009000010000007000100
304070586900618000800300009050000810170080095089000070200001007000523001541090208
720900080008000209005100000200001400809000507001800006000005100602000900090006043
000204000008109700009060800030010070070508010406070205004000500050030040000020000
005300200000520100210800009000000821060010050421000000800007034006058000009003700
003402810204000000100080043700508004005000700800601002420090005000000106057103400
000203000000000000152000386028706490007000500000080000000010000310408059040090030
001028000006005000002070469210000000805000604000000021728090100000400900000160700
000890000020400390045000100000309041300000002810502000009000670076003080000086000
570002000004001050003000670000200903007030800309008000092000700080500400000400069
000080000506000403020301050000000000000103000490000087300709006078602130000508000
020075300003006502590000060760103000900040005000509037070000051209300700004810090
900806005003000100080090020009000500000937000000108000800241006402000307000060000
068000002001950000000000970090006000530000048000300050056000000000021700200000360
146708003039000006700000000008900704000803000402007500000000001800000460600504297
100000208003802000500760090020307160007010400091604080010073006000406800206000007
790600000042010000106000000000007049020000010670800000000000108000040630000008097
800207006020040070050000010000802000900000003002000100630090085000301000070000060
070600200604900000903000681000000106031000850205000000317000508000004903006003010
008000570409070000203000846000289000080704050000563000945000108000040305026000700
407530901000207600950040007090000052702000409540000060800020076009801000104065208
903100074104070000007940135000000701061080590702000000379014600000030907510007308
070008026560009080000100045900006030000905000080400009240001000090700051810200060
070060800008004009209001460083000000400000001000000750057200103600300200002050090
108000703000205000007000900400000001000508000009040200280000045010304090003000600
800000040042800006390420000000040009420090053600080000000014027900007630030000004
005802600200050003070000040010305060680701059000000000007020300500010004000903000
700020008800501006000000000081406370000902000040080050297000845050000060300705009
070000580900084307350720000010607200034010670007205030000052041503170006082000050
000500900000000700400173080060004100037050640002900050070261005003000000005007000
849000057760000028000009003002106000000030000000807400100400000690000014420000786
000280300059047680840500090020000807930050046406000010090003065063410920001062000
203100000506300001000700029000570200100604003002039000350007000600003102000006805
002080000030900040090000003820500000140000092000008014700000030010004070000070900
900000004000000000000174000000702000008060900530000086340000052007625300000309000
300200578400039000100005000053020007040508060900040820000600001000450006671002004
400650801080010040607400300000145903250307064301296000003004206020060030104032007
000092000090147350047000100760405030430070065080306049006000910074938020000560000
000000000070000835802070901094001000060807090000500310503020607618000050000000000
000000060301596000006130980090607510065040730047301090012063800000215309030000000
105000620000800700030100000000080170600090002091030000000009080004008000067000203
200819034190650080000000000800030095520901073730080001000000000040097068910346007
000249050200000700043570800500307401701060309604908005007054120002000006050182000
600000004009000200801000705700040003050803090308902406000000000020705040900020008
100002006092006180080000020430010000000908000000020095060000040028400760500800003
000305000601040307400000009008000500030000020000206000000901000080030070200050001
300000000000005940069001058080030000203408506000020070130700460052600000000000001
005007000000009023800002006057003060000000000030100270100700008970300000000800300
100407002200000006070000010540000021306102504001070900000301000000050000010609080
600000005570000083000807000006409800040000010000060000030020070005080400800534006
100090685600018700870006000096851000780409061000763940000600072007180009321070006
000000000005483100040000080500804003960000041080030050001609400420301095009000700
020000000910006503000302007805021030490708051030540806200103000503200019000000060
600300018140078020000091000094060005016802490800050160000580000050720036730006009
006000000031006850098130462080307100004010700002409080453091270029700310000000600
090010800000806002500900000050040670100309008068050010000004001700503000003080090
002000905000108030001042000000000069700080004940000000000710200060903000504000300
001020003500000600090051027000900386000000000968005000810230070009000001600040800
006005042702004000040806003000000500054000890007000000600308050000600708920700400
376010502001070008500003079009060000760124095000090600150200006200050400607080253
060400000020185063005360100090020481016903270247050090002016800170538040000004010
000008050680075010002130700850000900047000620001000078005062100060710032010400000
037000490020000080000936000000314000500208009002090600008000900200000005900645001
001083000063000490040600012600104200900000007004502009430008050085000920000740600
850201074000000000610000093200070009300000001000634000100080007004000800030060020
000006900060780030203090500300109070052000690090507004007050208030072040009800000
009010700020564030080309060000632000070000080006000500460000097002000800100040005
600800031298400060000006040003908026000050000980604300020100000060007594840009003
000637000090804020800000004040000030060902010005000700000206000600010008901000302
170642058350000061860105027000000000200000003000704000490080016000000000030451090
090000000007203605032790480020604510004000900051908060015049720209106800000000050
000908060809070300040000090600803009080010030900504002070000010002040508060207000
015090000600000000000200305031006007000305000700800560908002000000000004000010230
000401020604390000000080040100040076073608510950030002060010000000063807080204000
064050290030000070050924080009506700500108004040000030000702000600000002000080000
008305900500782004400010007005106200000204000760000031000000000000503000930000072
000080700005002040000075006700000204428000651901000008200140000090700800007060000
000168000680000007040700602001070000400205006000040900204009070800000093000312000
100305002035970010000400080300000658080000020572000009060003000050017860400609005
675010000201800050004000100900100020040050080010007009009000500050008302000090864
010000040000905000000020000709000201000000000000574000080402030300010005065708920
000000400047056800000407503079048006060709050100360980405601000001820630006000000
360004007001000003000096040708401000005000300000705201050140000600000400200500039
010000080430089005970405300000302800000000000003506000005208039300710062020000040
030100590900500037000090816000030000709010308000080000486050000370002004091003060
076003080300000001001086504103070000008601300000050708607530900200000003030900160
080090403390760001005800000000000306002374100803000000000008900500036048908050030
004000800000270006000003005090000052018090670370000040800100000500082000002000700
301805009060001050005000104750106003000000000400208067108000300020400090900507201
087506120000070000060813090000205000170000059006000400010357040040000060500408001
000036070470800060000790000100000250609040701023000006000027000040008095090510000
500000007078600050003700910000276890000409000056831000031004200080007130700000004
008050700407060509200000003000801000000000000003409100030000080050010060020504030
040200650300000701157006900005178004000509000700624500001800497809000005034001080
090000070005301800000050000400905003070208040000000000702000605900000008060010090
020030080100206004000000000001000900002468300006905800017000530300109002000020000
910007050700020000000605000002800507009000300405001600000302000000050006040100083
307000906090000050008000700020000010900106008600070004000060000016000890000923000
210905000400080300090100500309000004060000080100000207002007050006010009000509046
820030015750000069000045000008901000906000201000307900000180000680000047590070032
096080210070000060200905007000000000003090500459030178002000800010000050704050902
206980007030200050009100604000000846500000001183000000608001500010008060700039102
020000100098002067500067020075080000009103600000020470080240005460700890002000040
052749810400000009000108000000507000203906501000010000030000020041000930020364050
050973800000000007200514000702050409801209305305080201000145006600000000004736010
200056039508000000009201670102609400900000007007105902014907200000000306890560001
300600000100000005004070060890200000502000408000007019050030100900000006000004002
000600005049000000007000802900060008060238040100050007308000200000000680500001000
000059400049008020108470690390000500207060904006000018015084702070500840004720000
000054000060000090200080074105200038820040057340008901580090003030000010000410000
000804000016000940008070300005000400900362001070090030500000004091050270000107000
603010407000009100120003009039604000500000002000902370800100034002300000306020508
005000090000385100310070000000064208070000030802790000000010026003542000080000900
605000028820016430040000007030201000070040010000703050900000080051420076780000501
400008002016070030008040570700293000051704380000581007045020900070030460800400003
000000000001040200300102007000000000640000075500908002068437590407529608000000000
002040300013905670500613009090807040000000000004050900020000090085000260170000053
806000003540100600000070900000701009210309067600804000004090000002006094900000301
050000000708040309001009080000000130080903060023000000040500600507010208000000070
600347095500000000007906800703501409100030007405702601004103900000000002270694008
000058090800000000612000008070029000005060100000740080400000653000000004060590000
216000804007004306390006012089407000000010000000605430170900043502300900903000271
100300008070010050000854000008000904059060780407000500000693000060070010900001007
004701000006005000001090578640010005002406900100070046498060300000300700000209400
043020090102309006000004027091000080600010003070000160930700000800602709020090630
002896500005000000600003092807261004100709008900548706740600009000000400009324600
801030006053000080000078053008040000409307801000020300720190000080000930300080204
000000906061000000200001008050680090007030500030049080400700001000000370809000000
750609003030000096006000200300020009000897000400030005009000400240000010600208037
010000500000107002207560300080010760001306200036070010008035109700401000003000050
003004560652003980840000012470080000000302000000090051790000023024700195085200400
096003270207610003400070096100000030064030750070000002610040007800067905059300610
520000064000874000010000030090602080080000050203000406005407200076080540800000009
080507010500030004000901000670000029000379000004000100050000040908000201127000965
900000401030020070800000300000950036040000050250068000002000005060070090104000008
403508109000000000000936000300090001080000060004107500800040005605209407040603010
140030082700000001050000090036080510008793200000060000000104000080020070074000160
000080010824100090000203040009040360600809002037010800070301000010008536040090000
600904058270008010008300600520000106000000000807000049005002700040800061310407005
805170029240060010000890003000000307654000182302000000500043000060020034420019806
004706000700005001030010400300800070020000060050009002005060090900200005000501300
150000062900506003000809000001030600206000409400000005600080004005000800800654001
037610400000007002902004708023000007600080005500000390304200906700900000009068570
010307050040060080089105620007000100000791000004000700430000019070609030008000200
004003560670040080805000304200060000080407020000030009709000805050070096018500200
109405007020100080003600409300020751000503000285010004502008100040001090900206503
200000903043090050100073040002609000056020170000507200020730006080060520407000001
080050040002409100490000076300040005054070860200000009600000004049000380000020000
007060400200408003080107050000000000510000048394000162000010000030609020008000600
086020000020050803000000900203600094700304002850009301002000000601040070000060140
700080025140000380083001900004070000600903008000010700001200450072000036950030001
000000150409018000708600920070040300020803010004050060041007603000320509093000000
005000900060523040800609005200030009000408000004070500507090806903000104000000000
500007243400023000800650000930000500075000890004000032000065007000910005152700009
040010070602000508300208009000804000901000702200000003050000090000793000000000000
170290508000007106620010000080000009204000601500000070000080013809100000401035092
009010600005000700000948000000493000300000009020080070080205060470000085000000000
000647000042000000180000040700006800006895700008100006050000037000000910000289000
070500209001200008930000000000804300003010700004307000000000074400005100708002090
500000008306709104072000590009302600000576000000000000200435009000020000001000700
400690813100000000209013700002804006305000108600107200001940307000000004764028001
003080010900100000006394702009713420601409807024865100305978200000006003070030600
000020000040107000036400500005004000160000093000900400001008640000205080000030000
050000030000020000000319000006000400200108007001205800040000050060907020030080070
043501000050000091001028306106905007007060100400107809809640500560000070000709620
106900083390020070000130006000000705089070340507000000900042000070090012460003908
000356700097020030605790280700000103451000928308000007012037605040080370003265000
004009860300160500560000001600405030010000050040207008400000083009084005071500900
008105900360208075502907304000302000290604053000080000000000000031000590040090060
000000040569030000000100508000002809400060007602300000806004000000080426050000000
000000000350907064009030700900000007040080010200503009476000193000000000010000080
000007000023080050007450160200906300096000510008205004052073900030090280000500000
300000091890005060005190400040507900003000200008901040006074100020600074480000005
007204300400103009200000006000070000031000860740000021390607018000905000070080090
030716000000004006001980400470000308509030601603000027006073200800100000000659010
100020008000301000002985700000208000400000005050000030030090080070000050805000104
008020016000040590000000804065300000700106002000002960806000000054090000910060200
309060842000090000006020930802500060034000290060002504051070300000030000743050609
600800095802070000000103020004080901080305060201090300070401000000050603130008007
048050000000710402013000508000507090950080073060903000406000980501079000000040150
094002800000001009803000204460020000000607000000090053506000908700400000002500130
001950720476020080500600034000040807250708091708030000830006005010090243045073600
000506091000002000800000027014900805030000060208007130920000004000200000540301000
308000579500038000209710308030020700042386190001090020407053802000260007623000901
200590168830640050100000000000205081680000079710809000000000004020086095548017006
100080007020700530060402000003000640800000003016000800000306010042005080300020006
000000000082305060004869250026901370009070500047206810035694100090107640000000000
009506300040080020010402050800000006020030070070801030068704590000050000001020400
000063700090001000501040600005620090809000307020089100006090803000800060008530000
000481230000070080060500000608000103007000900904000608000007020050010000079648000
000283400060004300005690000000000012010050060570000000000047900004900080008125000
300000028960100040000200000000040530000708000071020000000002000030009014480000009
006492700030805010000000000053000140000206000010050090300000007800000002040000080
900000001002507000065009000006030142800000009541090700000400810000701200100000007
000492000800607009300108007030905070910000086000000000703000902100060003200309001
000300000032960040000827010001409386085000120643102900060791000010038260000006000
003004700705000041080000502806009010500841003070600804607000020250000409009200100
200000003000982000000000000086504190030208060000060000600703008005409200019000470
700000009000102000401000308004908600590306042010050070005769200100000004370401096
020100030537080041000073060006020007013706890200090600090510000160030524050002070
008000200407208601000000000053847920000000000800090005080904030070010060910000057
007801060806700000000025087208040019004206300650080702180370000000002801090108500
000800060900000013001500800840000001000030000100000089005004200720000005010006000
000030100000206800736051900092000010401000602050000340008510237005302000003060000
000640070740000010003201400002809704900000006408106200001307900060000021090012000
290000074001000600050020080045000290920000047000000000300207009000906000700503001
009050130080000200007806000000500009300000002200004000000603900008000070012070500
004016000010009370059000206480050000500801009000070085605000840031400050000120600
056000430000000000000205000000107000860000041003000800970000012020070060008509300
010365000030000459020400000600040903400156007701030005000008030369000020000613090
600200519310098060200001000039405006020060040700309280000900001050170024162003007
008007004509010080306004090000000157000000000127000000030100205060050908800200300
005000100100000004406010205001507600000030000800000002040908060062000570000000000
100070030000005027503100000017000000000801000000000680000004908650300000040050002
002010704040600008500000106270100800003000400006009072809000003600008050104060900
030000800000149002204078100086703020071020580020804610008430901900587000002000050
284000006070009834090087001018952000007108300000673180800790020742800010900000748
080004600050089043600200000170020400040306070006090031000005008710860090008100020
102400005090802430040605009027000183000060000934000650400503020059708060300006504
804703091900601000000040006290000015003050800480000037300010000000206003620407108
004070300520030000008029010001200008060050070200007900010560400000010057002040600
050700800076010034203000570000103009040000080900804000064000102320060490001002060
640000087030090020000000000005402700016000590870905063004821600000030000060000040
030000070806000902050809060001040200000602000007050400020104080403000109060000030
040000900002014000000900307600402780200000006057801003509006000000740200003000060
006502000003890000002000719400060097080309060630070002768000200000026500000701900
000501000610080054070402010006000100050090020008613400947000261000070000000206000
047600000009025004002900617090507801030000040104309020871003200400870100000001470
582703009000100506010002007207000065000070000640000801400600090103007000700304158
007503820904100000500000061700201084000000000630405007240000008000004102071309600
600039000100002470000000800070900000400156009000004080007000000031500007000320001
801200459700000000600109008007302506000000000409608700500406001000000005342001907
702000009000103000000042007096000050004050800020000340900610000000705000100000904
810006057506080001000140080400000100078000290002000005020038000700010302930600014
800274009000103000500000001730000082000000000080502040047000650002401900000000000
090005070800073609046000300670020000020516040000030068005000930409350006030600080
902137000000580703030040090305000009000000000100000406010070030704061000000452107
300100049801934000000000010030090071040708060170050090020000000000873602580001007
200004000001000000670030900040680070705010802060053010004070098000000200000100004
749000356000070000000000000004807600010309080087605910000000000908102405270060098
010035900060000000370009004007610000502000601000082300600100045000000020001270060
000800150403600900560071020007080049001307800820090300030560094005009601094003000
500000031230401705010000900000006070050329060090800000005000040603504017420000003
400830701083140060106020380000000075741000836530000000057060108010085640804091003
307904508001000300004806700000185000005020900600000001406090803000000000000703000
010746050000000000000030000500000001002509600700000003074108320009070800820000016
560017004020005379030820000170000900603000107005000083000046090457100030900730015
067000580001030700950060014046908170705301408000000000070080020000604000000207000
010300000000064105060815000086000901097000540501000620000142030108730000000009010
507000401020000070100502003002030700000647000008050600800709006090000040706000908
000906070100000003050483000024305001000070000700108950000569010300000006060704000
001204000003100000007000216400379052000608000970521003852000700000005300000702800
097001060680000974054907102106000300000090000009000405905306740723000059060500230
005000000076058130020076058047305000082090370000107860730860020068530490000000600
050004000302080000000006952500001200091000840004200005829500000000070109000400030
090508130100009702820000000560080001000376000300090068000000047205400003041902050
003004006001980000954060308000002030002050600010300000805010963000038500600400800
200000975410009060600850000040903600001040500003508020000021009020400016186000002
903000402005967300000000000000000000000408000730000046170020083406000705000090000
080420000003000070004060500000008109800000005102600000005070900010000400000091080
600800004000025300080361000052000608046000230308000710000958070009710000500002001
000300000017000063090020500002004390700000008051600400008070030630000270000005000
400000009602907301000030000000402000004090100201070508900050007007801900106000405
000805000400030006300000005000173000060000090000050000601000402800409007024000930
005016090920000060000003005603142000200308006000695307800500000030000071010280500
500080064104500000000012090009000050801020403060000900010230000000008609430060007
900007004006845000000690020610000540092060370035000096060024000000153400100900003
090048000001006408042030610480000000906000805000000039034020980508400300000780050
030000010200000005700080009040000050000406000105209603004703800070108030860905071
096270540400500000100000826009600000030040060000003700825000007000004003043015680
000510070058000003900003000600080905300000001702090004000600008100000390030024000
400000006008794000002600840080020430050903070097040020025009700000286500600000001
583000001002500609060021053006208010001030900020405800170360020205004700600000194
000004620008500000400070809070000050000427000030000060802090004000001200057300000
018002000090067000705090030000000106580000029407000000070040805000120060000600340
010008090200500307037000100500080020000406000020090001002000570406007008080900040
400620007080904310030087000098000042601000805750000690000410060064208050100069008
060802010005163800800000007001594700000000000209000106502000603300040001000706000
100000009000263000806010703064307850000000000908020604002000400380604012040000070
609020407200000003073000910000070000020000090000508000008010300410203059000709000
900580004000042900060903000034000605150000092806000130000109050001430000600075001
300502490000060215000000080002400003010000050600009700090000000136090000087306002
010520000009076005005010320040000002523000781100000050068040200400690100000087040
000805000500000009708921504106000705300090008009040200000000000050070040004203800
000000700040005306200003050007950003000000000400081200030600005708200040001000000
050040070307000106006201400000000000000104000200050009070309080081000360000706000
060000080201000605030406090008030400000805000009020500040709020503000906020000050
370080015000000000420605078000503000601000407087000230100804002750000041000000000
009075060070001038020000001010407005000000000300509080400000070830100050060730400
040210037050300000800000000060700000903000406000008010000000001000003040780064050
908000041000001030000000002000006710004020300031900000300000000040300000720000503
340000207020000390009002008900560000006809100000041005400100600065000030103000084
940070015700000008006090400000359000805607301000182000002010800300000002160020097
090003600080602017600057000749000050005000100020000493000740008270106030008300040
000268400004050000208003150607905001190000076400601905026300508000010700003827000
600804007301060408070090020008000100590000042100942006010000050000401000000050000
000004108800700940010500000002009000089000650000400200000007020061002007907100000
000000005000106900074050003010085060800000004020640010100060820005204000300000000
007320500015407060800006047059000078300000004420000350730800005080904130004035700
097600200010580049800007003008000067060000020750000900500700006270048090009006170
000090000700536004160000025430000051005000400901000708086709240300254007000000000
608050704007063000900400031060704300810000076003506040780005003000630800306040905
105079623700500000600200007900306580400000001052708004500004006000007005247690108
001006002009030001007408300418000000000000000000000183002604900600080500500200700
090000850008032600007600209900380000000706000000024005809001400005240700026000090
053004180106003004900001025647030000000508000000040732720400003400300807031600240
002006003009500070804000002680030720000000000027080065400000206030009500700600800
600040900030690002200085300000004000092050480000800000007530001500018040006020009
000300800000069500640002000062704009030080020900206340000600075006120000005008000
000000500100030780200500003605708040001409300040103806700004008028010004003000000
602500790000000000947000025000090050080704010030060000360000987000000000075008401
200600010000470009010500060032000905000000000109000780050003020300094000070005006
007013000062000030008020195400701000201080409000209008625070900090000740000960500
030000080000106000002040500600070009001000200095000130000309000170000023009000400
010000000000201006003054100089030010005607800060040230007420500300906000000000020
301000200000002040480300006000040635040050090257030000900006087010500000004000509
009024080002560409405008000900000001001080900200000003000700108108093500090810700
300060004009010500405000801002000700810000023000604000000030000000508000020090060
002315700007006000800000041930604002600090004700801059510000007000500300009148200
004000600000903000051000270410000023800562001205000706002306800000000000003798400
000300000100000203040500600012700000908000506000002370007001040604000008000005000
108050702006000400090020080470080031039000570005603200000000000260010057000902000
900080207000400800620700000000801750800050002074902000000004091001005000709030004
300000007570403091000050000000080000100000009406907102010268070003010200802000906
000000564030060000600908001005007000490000082000800700100203009000010070523000000
003000280850001090201003607082936000000702000000458120504300906010500038098000500
080000000203800400750249010000020001002368900900070000010736084004002506000000070
902006053180000020000970008700104300006000500008203007800037000030000071270600904
000840000020000800060000305304700001200010007800003502509000040007000090000031000
036000000500700800100300002008034600000000000004980100600001009001009007000000240
000601450480000760160004000604207008000090000800406209000800097031000045058109000
790000803001600004600080050000807010008000400020306000080070005500002600103000097
300090846100003500860400000010000200900080005005000090000004038009600002678010004
060500300005204106230000050020907081000010000850302070090000015503409800002005030
020080130300000007400326000001802900204050708006907200000279004600000009049030070
006018230000000049073000008590800000704000103000004065400000720810000000037250800
007005900045008070100009053734000000000000000000000521680700005010800490003500600
040002000780001400000000060007500038800000002420007500060000000003700056000800010
001500070904708000008200549020000451000000000613000080135004200000102804080007600
020000090608000705050704010001060900000807000007050400070906050106000208040000060
090076100000000208480000000500040000900601003000020001000000074706000000005490030
603000508200408001000000000000030000050109020020687090870000016000516000002000400
300090106060450390240006000005000030970010025030000800000600054026043080401080003
200800305005300900390406010006000723000000000928000500010608037009002600702003008
000090000010000020000607000700050001000709000009080400050000030800345009306000107
100000204000710090040000017003802000700090008000103700950000070010086000402000003
320010000070340600000000005000800013200504007840001000900000000005076080000050091
001000040940003520025640809070030200003897400008060070109072680067900012080000900
084000750600000003100060008000704000009806200045000630000601000001000800007409100
300005708001720500560000030600080040080106070050070003030000027008057100706800009
040080350800460201610003000006517090170208035050634100000300062301076008067040010
006004701010060004007000023600002080301000502020900006970000100800010060105200400
200000603017036020400002010042305000060080050000401980020100007090520860301000009
100605004400107008006000700008030200300908007000000000060090040200806009001204500
100080006025906030000024090051000040807000902040000680080190000010502870400030009
009400120400050000201080405000605001015000690600708000106070508000020004048006200
800004300000000014006350800200030900060809070007010003003062700150000000009500002
006000700000208000500000009400010007000367000020000090070080030009501800043000560
000010000048030760095000380006708400000000000020060010057000830030000020000293000
009400006200107000007900040028000010030258070070000620060001300000603009500004100
000750020657000000420960000000500003706030902900006000000017034000000619080093000
900002003030804201708000000000000010047090560090000000000000702406708030300500006
500001074730504810020086000986000030002000500040000621000450060057108043610900005
654000901001405007307001654065000070000050000040000190419700503500609700706000849
070040080010000020409000106300827001000000000045301790000000000700216005203000607
080500000040000876063010400000163002006904700300857000005070160734000080000005040
200003007001897000000100040930208610060040090017609082080004000000316800300700001
008100090410500720097002401004207038000010000870903500209700150041005062050001800
507601809120000056048050370000835000090000060000000000004912600900000002010407030
106004002070008010005000709640807000000030000000106054304000600050600020800700503
700000009400010006180906054004208500000090000058000690000509000873000915060070020
800200704009086000400305090042000506030000010105000340060502008000940600201008003
800730092970562080000008000038405016260000058590806270000300000040259061120087009
008740060401026300060000014030607005680000043200804070570000090002560708090073400
400890100800063000090004000004000950300000004072000800000300070000120009007085006
234009017800000602070008003902503000000020000000706201400900050308000009710300426
000004600906000005070090000400200070059070460010006009000010080100000507008300000
000093000090050023030201700208000300970010068001000502007809050620030080000720000
504070003090081000000500007020090600706805904005010030800006000000150060600020509
500000040007000815000010903000760009300090001600024000702050000891000200060000007
100050007000000000605807903041000760008090500000000000000139000060000020800070009
050037900009001804810050030470060000206704305000010047040080069908300100005970080
020009000015740036003600910800000760040000050096000003078005600130067490000200070
261900703009002108340000029010030006000508000400060010590000031804100600103006897
302060701600000003074010920067080140290601075000000000006908500000000000100204008
100500060002080030000006809700003000000201000000800002506100000010060500030002008
190000000050640000000009254001760003049000680500098100826900000000084060000000039
900060045100590000000801000001254630680307094054986200000608000000029007820030006
431700008000921003000003005097805032020060080360102590200600000600237000700008216
000487300000100700830002000709000051400060003280000907000900035005008000008354000
370500009065078023000030080030817002087206340600453070050020000740980130800001054
000006500008400300452030980500204060007000200080609005036020849005008600004300000
805000603000301000360504071080000060093000450000090000004000300000938000008020900
000507080200000000906013000100300009002080400800004007000260701000000004060105000
900071000000005070100000300090300200074080190006009040008000005060400000000890002
000008021048000900070026004000000680000030000064000000800140050003000160790200000
080940700709300000006010080900030402000864000604070005090020500000003901005091030
001067000039000070000803014708106200500000001002305806610508000080000120000710500
006204700003000400200070001009000100000791000702000803007806300800409007400030008
054000000002034005008010964080703000046000710000801030475020100600470200000000450
000604000600718004480020036005000400046000710000471000020905040850000067004000900
900040003001900000004070180000805070103000905020106000069080300000002700300060004
400805602009300000200060030800503079002000800940102005070010003000008700603709001
270054003008006204050200090820000700900000002005000041080003020103400900400670018
006008000010000320000020007068304000001000500000206130300090000072000010000800200
600107900504600007190000600008200040000408000040003200005000082400006503002304006
000060104050002003730000006004700000000815000000006800200000095900600070605030000
400000206000941300510200000030080620020105030084030050000008042002714000309000008
790800041000000000134900086003001090000379000080200400270003168000000000310002074
081005079470000600000068401000000017000931000910000000206150000009000023850200160
080100200037020081204000950000010006050907010400080000049000103360090870008003090
008104200000830400340000008400308065060050040820401003200000017004087000009502600
900058403080004050405200700860000200200000005007000086009006504050900010706510002
035002000000500020200903007420000790090807030071000045300708001060001000000300450
000000000000541000500060003400206008001903600006010300200000005040050070003000100
130900802000000003905802600008000907000050000301000500006204301200000000409008075
070000190000050206034002000000015007045030960700460000000900820408020000016000050
000600509900700008016000000600000014000974000340000007000000820800001006709005000
098400500003060901120003086001000005030000070700000100480100069902030400006007210
009008160420030050700000008200619000070803090000754001600000005010060079082500300
670500001048010600035000400586000000000904000000000213003000170001030940700002036
000000000000603709000078650910004530060159070042700098079240000408307000000000000
010000090000209000860030042400000001050000080090408020530040019008050700000187000
001500000040006830032900104020090507000703000708040010109002470064300050000001900
010409800040000153320001000501398007000502000200764905000100094152000030009603020
120000704000070030000052108007060900000308000008040200706980000080010000305000016
000461800030000050100350000400070902208605103603010008000039004010000080007184000
200090000130000700800074030908000000000486000000000107050810002006000059000050004
003010600001308500000000000800407009300080006070090050009643100000000000506709304
000010000009803400500702009900050006080000040120090078600421007410000065003000200
800070052002000700037004001620040090009000500080050046300800170006000300750030009
420000907087000026105007380009871000000206000000439200072900103960000750801000092
020409030006020900890000076050040060403000809000683000501000603030010040000030000
034705820001000300270106095000000000000010000040263010400000009500020006106809504
309580002050401030000000005060904053100000009590702010700000000030107080900038701
000730180300000900271900000400003000060040090000500003000006529002000008087019000
041070800000400009208030704000704080902010405080903000704060108600002000005090640
720600000500000600009321004000890030050000080030017000400758300006000005000002019
800050007004000300007080400708000504010000030000601000000403000070208060900000002
708000000045000000000005802000086250030020040059430000103800000000000460000000908
000001870790058140410060000950000000064090580000000064000030091089710052045600000
020004360680900012700005000106080090000103000030090201000200005350001079078300020
005000700040517620630090001010905030089070160070801050300050016061439070004000300
750006009068040027009007160206804000090020070000703902035600400910030750600900083
007008006020000007038007400002004015006905800540100900004600590300000060700500300
100009706086307040900050010250708090004020100090105062020070004030504620409600007
000586000000000000093000460009000800004358200080201050001000500400030008020060090
000000000309000105001020700500070003706413502400608007007000300000705000803000401
060001000010060824058490600800314200026809370001627008003048150185070040000100080
200700308003006100970800060020050603000408000807020040010004035005100900402003006
109050004008900500020800069000705240800010003074308000680009070001004300300070902
080090000060037095004001300038904000710000049000508130009700500150240070000050060
900800015007019002000000009000040091009000200520090000700000000800570300610008004
200050001910000046603104502000000000070080030000695000004000900000702000500000003
000703000100904002400000003046000790000000000003000800007090100065070420010060080
004903200005000600070000050000000000800000002200708001950080024020596080000040000
780000500000500406090030800002091050000000000050480200007040010306007000009000082
082090010700000304060508007001000800900050001007000600300709050208000003040010760
600900437207360100950400080000080371060103020371040000030004095002031706784005003
321800065690003082005000103030020001000354000200080040503000200710400038840002516
000020070208000900049087520007010000601709804000050600013690780005000209090070000
506307209007080500000000000010040030002593700000000000800104007001826300050000060
005076000000400700040003006206010090300509001070030605400300050008005000000720900
007040600000010000020309040002000300906000208010000050600000005001000700058627410
300000070162007000000000002807502100004090300005106907500000000000300514020000003
700005843180097020600003000935000000010000050000000192000300001090240076261700009
000000680304020700615970240000352100021709830007186000078014362003060408046000000
001508600020900040500006001607050032000209000210070406800600004060007020005402700
000560094100000000030000705004008073060000080280400600801000050000000001650072000
408060000000090070600008001080000000190543087000000050300700005010080000000050906
050007000060000438090260000400050300005901200006040007000028040918000050000600070
590300408002900701170028090008000047007050900310000800030680072704002300805009064
000009760800346500690000000910407030040000010030801052000000045005723008089500000
040000000051800273030260010000492380003605700082371000070056030398004160000000040
000060040138700690069003150002386070600407009050912400024600910013004726090070000
000908060004600900006025140013000890000000000079000310062310500008007600090206000
641000008000800103030061009007080010009104600050090800400620090203008000700000382
706000903004029000800103054029708500040050090007904380460201005000480200201000409
900506001000403000010080040000000000861000324002108900000030000009040800630000019
100020035900005400057009200064080000700902006000060870009300640008200003630050008
700402001009000500800000002081070950000583000203090407000000000004030600000608000
007001450104200000900600071600903140000060000095104003540009006000006302016700500
000704000000000000803206407010502040084107560000908000007000800020010070950000021
100007400800240100002030000000000060320901078090000000000080200003056009009400005
840000003005120004001800950000050490050201030073090000084002600700086300100000085
000078400300050867000300010800000709005709600903000004010003000536080001004560000
001000200000080000060050040002000100907000803000807000800060007030000090290501086
090080020002000300500402006004000700000000000981000463203090804807603905000000000
030970800080400073700008000003807095400060001870209600000700002210004050007023010
005006910300000600460005007504263000000107000000958206600500091007000002093400500
013058090007090001000004000190000000000206000000000073000500000600020700070340180
000605002920000003008400600390000000050030040000000097004006800200000016100702000
790100006080523047004009100028000064010030080360000790002300400630497020800005073
000050740040260080670000002000000620008412300053000000700000095090028060034090000
000090300030042060409830200010000800826000173007000090002087401080420050001060000
080603020260508041004000300070000010600020008840000075000792000020000090000406000
090000010000000000600201007306000809010080070400502003000010000009000300020647090
900000107020090860716530200000020900072915640001070000009043516064050080507000009
100500003002309700073400950080000249000060000937000010026005190001702600400001002
001000006059360040007010000200000000700432005000000001000040500030085720600000300
020090080008000600030702040003000100064000520200000006040070060000000000906104305
010007900500310000062040800900600200000000000006002001001020430000095006008700090
100809035034700000080500021050008100000000000006400080820007060000004910640902007
310050907007003401240019030039000000401060309000000510080570043704900100103020095
030600504050000092008040300402509000080000020000806409005010900840000010106004070
000803000004000900000020000040602080500108006700000005050030070602000509380090064
000204000021000630038010570000806000007000800050000040070020010000000000340000059
850060400004100300070540061010000970000000000096000050180026030003007100005030042
230700006007010003000003050005080004020147030900030700060300000500070800800001072
070000090500740006002350700000205460086000370053607000008076100700014009040000050
000006000600054000004000205403000020010209070050000608702000400000960007000300000
600150004400003800070000300000500020020040060010009000002000070005400009800071002
000500600063001007540900100070000950000040000096000070007003094800600720001007000
004702800000000000007304900000080000000507000140000035780010092600803001000000000
000105000090806030000000000600403002000070000008000400070000050130000089920040013
700000003203060701000000000900102008000000000016050420600514009580906042009308100
470065002000209106060000000640127050100308007080496031000000060706502000300680029
000800230230090040905007800003010004070403050400070300004500703060030091087001000
307000000600084070290700000500046000903000604000890007000005043050470008000000905
009841200500000007040060010700000006084010920006905700000209000001000400000000000
401000597300040200920000008000914000040602070000378000600000025004020009582000301
000000000009620000030010475900054010150000084080270009467030090000065200000000000
000714006094300000010000003205106000000030000000809302100000040000005970800421000
090400820004070003000103076420010000000000000000050068230906000500080300081002040
906000405200406003010000020800907006090020010007000200058000960070605080100000002
080206070000070000003000400010000040000050000050743010009000600008905200026801590
100000008047050130000030000300000009006327500000801000060205090910040025500906007
092703000030002057000006003315204009000000000700901235600100000450300060000408590
009002000004706000000593042621000530003000400048000129390658000000207900000100600
000003827900460501500000000002300080601000204050002600000000002405039006269500000
174000025208075006005004738021000000060030080000000690482600100300240809910000264
350607009090005076000130000160000902008000700905000034000091000610700050500203091
302500006080900140010060007000409038003000400560208000900020070051004060200006503
800010609016000030300507080009805300200000007001703800020106008030000490108050003
001738000000060300040001009309000004120000067400000203500600070008090000000125900
000076210507000000600903050806020400300705006004030509010807005000000601063450000
010000000063005087005470960040809100007010600001706090026084700190600830000000020
000040738200000410400038002000300201040000050805006000600510007038000005521090000
300020080060003900000900025070610000205000107000045030420006000001300040030080001
100003809080609030307000500930708010000090000070102065003000108010307050604200003
010507000005042801070000030350701002090000050600805019080000060209170400000908020
704300005000008300030514006023801609006020500507603120800432060002100000300006802
030000020400301009800000001004020300060547010090000080009060500000000000000198000
002003000058007010000600074160405700000090000003701095810006000090100280000300500
302010009010000002000040070190007320200901008087600041030060000900000050400090203
086007000075600039000403086708205410000060000024308605650102000230006150000500360
000000000086000970092103650900020005200070006805000709030905040000000000000642000
082040600100000002570092100000670000005000700000039000001960035800000007004010960
050000010706000203090803070008060100000507000009020500060209050801000304030000020
040008307080000590020005000200800760000090000015006009000300050064000070701600030
007003140405100000200800036700090620000605000084010009370009008000002403042300500
001000300060010090500040008098000610030000020050928030300050004900204001000000000
043000000070003985059680401060090200004106800007040050702014560416500090000000710
010200064000106000670504000160000030520000078040000025000308047000607000390005010
600900004050040190047100800000608501080000040509407000008001450036070010100004009
730800002000340705080700000000000521020090060451000000000006090302014000100007036
000103000230000096080000040000708000100000008600501004000050000400000002906207103
064090000090100834080005007003000040800030006010000300600300080125004070000060520
000109050147500680050700010700000968000080000685000001070001020093006174020403000
030000000008630001670502004500721800000000000009843006200105063100098500000000070
010000000090000423065002700009463000000501000000928600007600580926000040000000010
064200000020560000000000604301000900270030016009000708107000000000085070000001540
005409020140000050008150407400090203002504900607020004506071300070000065010305700
109730200043000500060009010000420080000000000020083000070800040006000120002095607
000100200041700890720409060004000982000090000698000700010506048075001620006003000
000000300200108405130000008000080067000000000940010000800000042402709006009000000
600903107000570300470100000900000714020000060167000003000007031006019000201304006
930785000600014000070000000706000403008000600105000809000000070000940006000861032
000609000081002040007000320830000005000010000900000084079000500060100930000308000
600500049500900800040027000001608037009000600750409200000390070007002005390006002
000002070008003041209807000100000000600010004000000003000406705980300600060900000
000002090020103004070065020000008310730000049061900000090580030200306080080700000
180900054903028006000003090067000008010000040300000670020300000500790103630001027
400109065930046070000700000510000206040030090207000038000005000020470053780302004
650900700800005020400730508700080000000000000000070002908052004060400007003007069
508902100009060000100503290000000300003278900002000000097106003000020400001304607
000601000007000600040070050800403005060752090100000002000108000002000400010060020
500030000000005401039004002000000708310000096607000000100500670703900000000040005
900760208020500310560000000000050049600801003170030000000000034042005060709046005
570000000000230000000004390008300050200897006030002400065100000000069000000000074
060070020030904010001503900050000040804090603000040000042000170009000500500000006
006095000702086530400730000040000600000673000005000010000017006063940201000360900
000040190900081200761050400020806000598000613000509070005070986009360004074090000
007000080850000020006501709008090300000718000005040100403609200060000094090000800
300092041900040300084670500800000600637000492009000008005084910003010004410760005
700900001084500070005000340000090018000825000830070000059000800040009720200006005
000060000164030257300010008003000700000305000900746003001000600400000005036879120
721400008000069005009107304054000706090050040608000250805702600900340000100006487
409001003028049070000050049980000000034000720000000018750080000090710460600200807
700000196281060050600010040000142000024609780000857000010070008070020619368000005
000000000800947001060802090604108907000000000001439600940506072010704050000090000
060010040019000360004786900600000005801000406300507009000000000000951000900000007
089300020200006007004000305040705006000030000100409080901000400300600009060001570
000840200021036050400002080065080004930407062700010530010500009080390620006021000
300900605001460000400080070000000059085000230630000000060010007000092300807005001
040305800090800175810090000900050081008102700170040003000080012234001060001609040
091250807040000230000900000700090504000301000609040003000008000084000060203069480
004000070000026005600890000580000090700903008060000052000074001800360000020000400
830700609070090084405000200000917006050604090900528000002000908680050070709001025
097800000600000180001000507032015000100070002000240850408000700016000005000006430
000007100107500300400103002090000607000070000204000030700805009003002405001700000
835000004000013008000000007010207000070030060000906030700000000900140000600000143
000056130805300700630190050100508240204000506056402001070013025001005307023780000
560103409001200008302009710705000081000090000190000204013900507400006800207304096
306008001072090030005003249207010000040605090000070104721800400080040320600200908
000002005500030090700805420090070600030000010004060080051207006020090001600400000
050008040300600702064500800900304510000010000045206008002003980603009005090400020
000820740807006300910007080043000007500000003600000120030200018002900406056038000
700460093140008020003020600010000006907000102300000050009080500070300061430076009
050720800900000000030800602020000005005030100400000060709003020000000004003092010
060090750952080016100006080007040000890103025000060400080600007240030568036010040
000041250418000060300670010800905600605000102001206005080097001070000528034120000
006100430100000600984000102000721006000805000200436000507000894008000007062008500
300500071701820000005000960000070094060409030930080000058000700000058109420001005
200608700590000040000000050000090001170000082900060000080000000060000014002107003
402100089700439000000000005070903018010000030390801040100000000000298003850007204
700009015451860090000005070905308040070010080010706502090400000040083129130900007
600703002000192000003000400007501900010000030908206701800010004000604000041000560
460000900003009000800600400710004000900237005000500067001006002000900500007000084
600001007010708050002409600561070830000503000038010725003806100020107060100200008
000004075000002810308005040030400007007608500400001030080500406049200000710900000
000000000300070002000256000698000174407108903030000020002509300900407008003000700
090050210600100009508600400000000520900000007085000000001008302300005008062070090
070051000000670005006002100304080090860103042090020803007200300900035000000460050
000006009025000000708010006010002090042000710070100030200080407000000360100700000
037005200000080509950006007601908000040070020000201408100400075405060000002500690
006300000010806940093071506074000028001000700380000690407510860029608070000007100
610002003030601042000953000953000260004000300062000457000526000370109020200700015
100007009003900500050418070609000120005060400034000807040683010001009600800200004
498060002050200083000500009000010620100708004084090000300004000610003040800020935
040000000062700941018400750000050430000608000051020000039007120274001360000000090
000018540108670000906023810602000090384000752070000108065340901000086204023790000
070000090960500083008910700000040970009806300083020000005087100410003057020000030
506020908000960000704000102000010040170605029060030000302000701000091000609070304
050100420100402908432008100084000093000000000510000740007500364305806001021003080
509020008000003700037080609050906000806010304000708060708060950004800000100070803
450301098000050000100209007090010020020000070007000100083000760040507010705080302
000580007000049352000001090000007406000000000209300000030400000815620000900078000
018007030502000906090300048900752300000108000005436001270004050104000203050200410
200403008007000900014080630360000087100000009000302000080060050000548000000907000
105460007008200000009050600000020003603000201400070000007040800000002700200083106
090530700017020349340009080001805007830000024700203500050700013179080450003051070
301008506050004030409003107614000000000080000000000374103600805080300060502800703
000001807000090005090802003075000906080906010901000780700403020400020000802700000
160900008000002103032001900073090004000508000400070890005800610906300000200004039
007030800504000207020000090001090600206010703300705009000103000130000074000020000
000090000420000059009201400640508021090000030030906040065000370100302005300000004
000020000010000040000381000460000027002000300000215000807000104003608900500000003
040000000016000209008320000050000130090415060087000040000038400405000720000000010
000090010389400270021050490000103080708000904030709000093070520047001369050030000
000400010605010400020007069072000000000703000000000580140300090007060804090002000
050020080867400092009600730000000510500070009096000000035001400620004953080030060
018004000097000035002000419600070000000806000000090001826000900140000750000200160
100900630642000070000700010014000000756108342000000590020001000030000126061005007
000050730965730010200890040000000360386000574042000000030015006020087953059040000
010024090805001007002008630371000000200050009000000273039200700100400302020130060
100302059900000800075400300800050903000603000401070005008006230006000007310905008
906005002002034006010080000200000600841000257007000003000060070100870300300200804
000000200030080007920006080089005001000703000100200540090600054200070090008000000
500017982700083000100600000620000700810050029005000068000001007000560001281790005
069300050801400006005000819000503091000060000610907000274000100500001308030006970
005000700904020501006509400098701620010403070400208005040030060000000000703040908
030000800060409000040006073000005236004000100358100000590300040000908010002000050
025064009000200105600903020002000040003000600080000200050406003406008000800720410
070062040200009807030400000140070200800946003009050078000005080702600009090820010
000096000096270050000405010708000460250000039063000208020804000040062580000310000
200906008000000000005801400000579000000000000091000670800703001170020089042000560
000020160302006000100007020084090000200504009000060530090600002000700301015040000
607000104080000030300000009090462070008070200030000090000829000001000600000605000
076400009030000010800100500000070004060214050300080000002008007080000090700005420
000693540050140002000000306020080070000701000090030050508000000300058020072416000
003480060200010000000600007000937501340802079705164000800001000000040003020076400
500970420007410000300500007008040090070000010010050200100006003000034500043085002
970040001030680097000109000008000670620000085013000400000304000340096050200050048
000509000000702000007000600701608302028010570090000040500000001036000280000050000
012070860000653000000000000190000058000000000407020309706000902900265001300907005
400100032302508900090230080010000397003010400764000020020075040007406208540001003
300046800002000760006007001730000900000309000005000032100900300089000500003120006
006502080872460010000080092100000068058020140960000003540090000030048951080105400
000095100003000000600008070906010000700509002000040805020900007000000900004160000
508006104000910000200005006401000050030020060020000401700500003000047000804300607
075300040002400001060000572030042007000090000500780060348000020200004900090005380
090120030400000002007003400009247005200509003500318700001600300600000001050031060
209008007804000900100059406040090000000070000000010050902140008003000502500900104
004000510020904067065070003000006001040080030600300000500040370270605040086000100
000186020140003050006005100534000009700000002600000318007800900050300071010567000
012400006390100780006005000081000000030000070000000390000200500028006039600007810
005973800060000040030050020000000000700806002002040100390000087000305000080000060
900308002050070060702000908000000000000609000003417600020703050004000100500090004
001004008500000070900008010000000086046000230370000000060900003050000007200500900
006452900300060005100000008003000400000000000080915030040030020700090006001608500
020070060007000100001020900060908040803000509014307620000403000006192400400000001
400010203000200090803060000000700380000000000018004000000030407090007000607050001
840009002006047005005006740458000000070060080000000517013200400900570100500600073
400000005300508006020090070000010000006284300000000000640902087200701004050000020
046000038090000006100006000000200580000897000039005000000100003600000020270000450
005800000080060003602300007000207900000000000001508000900003806300070090000006200
580400300004080010100300040200000100903152708001000002020008009090030600007009023
060850000000014307054900800070000408940000021602000070005001790706340000000078030
000000000800950010007004003600023080001000900050670001700200300090015002000000000
047000900058300026100800073000204710000050000072908000730005002690003850005000630
380020069700030002502000701001000200000903000070000050000090000053206890090107040
200601005070203060600409003025000940900305008000000000000708000050040070003000600
090023180100650009800000000200467090640109037070532008000000003400096002059270010
500300002007825000000000080080030096030907050790040020040000000000258300800004007
050000030040000987809002500007023000300691004000870100004200301281000040060000070
002090001300050470940308005009500030000020000010006900100702093097010008800060700
400201005060004230029000700910020007000409000300010096004000380098300070200705009
007095204000600809000408060000007900890060047006900000070102000108009000209740500
750020006023900041000700050000206430200000008098403000070002000480009560100040027
000609420900008600617320900460000702001060300809000061003081276004200009026907000
004000000600780004000000183090004000400602007000500090275000000800076001000000900
160008009080000164094006200605801000000030000000504801003900710421000050900300082
600000004080614030037000650000000000049030860070040020006709200000308000200000009
000637000060000070009000300001408700000000000804503109047801690300070005012000480
080000010104000203090103070007050800000607000003080500030806040705000102020000090
050000010003947500806105407080000090000703000000698000604000902901080706000000000
903740000000000008800100027100050600080000090006010003650001002700000000000092306
000020000000607000090805010006000800002976400100000006004201300059000120060000050
060090800007002005300800020090040100400308002008050060010009007200100500006070090
400000030020005100000028004032006008000000000900100570200410000001600080070000003
040000500000635000010000032085210007004908100200057980350000010000396000002000070
060100320100030405720600000000020108030807040601050000000001094809060003012003070
030250080607980005000074030009000012362000794140000800050420000400035109090067050
050000209980030000000610000005000020090308010020000300000072000000060095501000040
005008460400006000060000007008029704040000030701480200300000040000200008052700600
001000000023098460046507931052000600070050080004000350215903870037860540000000100
001560920600009000905400608070000306400070005502000080204005803000100009019084500
200004503000892100148060200480000070092000460010000029001070958003259000904100002
000000000002060100800503009060090070504602301003000900706819503410000098000000000
005006320064000000030092060000004890000060000058300000080170030000000950029800100
600400029819500040000010080000801036006000200430902000090050000020006791160004003
270400003030070049000018000002806001084000930600104500000750000740080010500003097
030085000089000300002000907000100056000642000620007000907000400006000170000710060
500240000002000703000800900028000000490060051000000370005001000704000200000027008
270000068568300074000600050000718640000406000042953000020005000730009825810000096
000060000000104000007020100004000700210000093503000206000642000080000010005070400
100500684300000000600812000001407502005000100206109400000985006000000003729006001
420308700090000002000040000300001400804000201005400003000070000100000020008506019
000020006600005072380000000010009050003807400090400060000000024130900005400030000
300001698160804030900200000420000910000040000093000052000009006050403089219600004
000040000904080605850020079300000002040109060008000700290000014005000300030208050
906002071700109300020400008830000740000050000017000036400001050005804007680500402
090000060607000205050401030004050800000702000005030100030108070902000301080000050
190000050070350004804006000039000801500040009408000760000100506300085090010000078
075010000009007008000900014080090100500428009007060080360005000100600800000080530
090004600070050028500063000105806000069000810000401506000620001680010070007300060
230000008000106402056002900069010040000709000010060580005300170607901000300000095
450193078080000010010864090000402000370050024504000901600905002000000000040306050
090000050200635007600000008500904003807050102006201800000718000000000000010020070
500070008109020304000000000002908600800000002030207090006000100200000007005683200
001000634005030020000024050080006100000040000007800060070490000060050300243000900
208700090070200008006500300015060000700908006000010750007003900500009020080005403
024000810000000000000498000200000001570602093000153000153000278049010530000000000
000304000000000000300782005004000200827000361100030009050000020003501400000408000
700051408006480000300000050100568020860109047020743001050000004000094800407230006
007005410900014000100300009240807100090000070003109025600001003000520001018700600
000003004040000590600091000200900008006010900800007003000360009072000080300500000
000580001500603000002000003008700602040010050703002100400000200000209007100046000
000052000000063740640000000007000120308020607051000300000000085012890000000370000
208004105006920000100008062402603050060000080080502604870400001000037800604800309
000000500000070810720500060000300020045000170060007000050006031079040000004000000
750000300000209000100040025200090000090406030000080001320060009000107000008000052
010090700003406002702010930030000040805000206040000080054020108100703400007040020
410000073203007801060040090030472000007109400000583060090030010306900504140000089
680000002001560003000078060008090020032105640050040800070450000900013500500000098
000050140160370090908200700000000320480000079053000000004002605030095012012060000
019000480000703000400000002040000020075802360800050009008070200002395700000000000
080000050000698000030040020600000002100000005003507100000020000071000640000864000
071000000003150002004030617000702030052000790060508000236070400900043200000000960
000002060780401090000570000420607930003000200069203084000065000050304019040900000
300047008080100060005090100500030010804206705020080004007060200050001040400820009
756000009040860027000700006000070260090302010037050000900008000460023070300000451
000004000060038002082000090806000350000090000035000407010000920300170080000500000
030016500046090038800000020300070000920603084000020007050000003270060410003780090
104070205003000800087000960000040000500020009040301070000809000000000000070030010
020600490409007008800004020083000005000080000200000810060400007700800502012006080
985000700000380400300001000200140000500000007000053009000900002002076000004000915
008013042010900600006058300090000000040070060000000090003290400007001080450780200
000867000006400900040900020600000174500000009397000006020009040008004500000532000
070000010501040307000030000000204000005000600480000072302000108008060400000501000
400005183903840000800000060700102040080000070060304001070000008000017206341600005
040000020690302048000496000400020001008601900070000060006809200050000080300104005
451000036800004002000500009040976200000802000002345060300009000600100003720000591
000000500800004720301020008005000064060000090430000800200060107048500009006000000
000000000812030596040000020950000062001905300006412900078609430000080000060000050
500001003040830010008026700306508020051040860080207105003680500010059040800100006
000059030709000600053860490400706500106090307005201004091078240008000105040610000
063108000009000602040000080000006001001020500500900000080000070906000300000705490
000105000000000000008000900005702300043090580200080009097030420000000000034000810
060000010000010000380070092400000009900801006008040300803409501190605027050000030
480060005009040003007500490000185300950604021008239000024001500800020900600050034
206014009000005300083007102165000000800040005000000618602800590008100000300490706
703020046400800300065000107000706030500040009030902000107000690009008001840010203
000003040307904000000760050920030470003401800046070039060087000000506704010200000
600400008000100070008070060760009000080000010000300046020090500010007000500002009
970000012000108000200906004060805090800010007000000000000000000007602400086000520
080004000000000000023098107068001000700030005000200760309410680000000000000300010
703006001000043800068002307276010000080207040000090762102800630007530000800600509
000150090503000800020004070008716003300408005100395200030900050009000402080063000
180790002020043019000600000030070208810309074609080050000008000450930020300014085
910000408000056120000000070100090080028000340040020005050000000092530000807000031
000903000020000004070480096300705080080090070050802009430018060800000030000307000
080002740600009805340806000753000200000030000001000398000703084807400009014600070
010206000009300006000050020400000038003010700760000001050090000300005100000403090
000608000360040027000000000800302001003010200005000900210906085000000000070823010
020304100000070002700126000405708901087090460902601805000483009500060000009502030
008000900007010400600000005400000009021050760000608000004103500706000802000020000
040002600076380015308000740700206030010090060080405007037000806160048390002600070
931000002000701005000290006010304560008000200073906080300075000700409000100000473
600802001901000602200000005000050000100643009090000040000976000082000590000205000
010004780200001009407900300360107500000050000005608034008009407700400005046700010
062000050300800704084900302000308610000040000036701000207006430608004001040000580
080000210430069075200004000046030000090506040000010390000800007560790083073000020
001000620732008190650200073010020700000781000007040010120003067086100532073000800
081060000060702098000018006049020060207634809010080740600590000970203050000070920
706004509000519600190000004850060040010425070060090025600000058008157000503600701
008040610230007040605008309019000000700000004000000160103800406020400081064020500
024010600100003200000620001040800500000241000008007010400086000003100006005030720
000800004400023060500000820310000000700495008000000096083000002090640007200009000
801024000740500090900000200020090000004000600000070010008000003060001052000340806
012050700040000061306400805000705200100020007007806000204007308930000070001090540
340107092000409000600000004980000036000000000007000900009213800023040670000050000
006001500000840600420600008900000170010030080085000004300007062008012000007300400
003000005620800079400030010000078020012000580060150000070060002230007064100000800
605040108000891000000050000003000600007010500910000082070000020000106000090502010
039048070400600009008007306901504060700000005060309704506700400100006008080920610
002097810900080000106000705500406000270000064000902001603000108000010006041560900
001500000020008019070001400650017000090803040000650097008100050430200070000005200
900000370603020005000000029000840200402903508007016000160000000200060904054000006
001030000020709810090081002073000050104060709050000280700940020032506070000020100
780000913503120004600008020009403070050060030060502400040200007200054809935000042
000001860850200410420007000203090070000104000070020908000800059094002081087900000
000602000000138000052000360010000020500403006607801403000000000000504000900307001
004000800023040170600020005090000010070000060000579000701604309000132000500000001
040102050038504760000000000002309100000705000970000043000080000800010007427000681
500104902093060040700000060400908001070000020900405006080000004020080510107203008
600301004480000035002000600009070300070000050008605100030000040015000780000050000
200000057008000300001957000005080001000725000600030200000293100002000900370000004
000709000026000840430000015001080500208000103040201060063000470002090600000070000
009000040405600200010200056000070680000386000096020000750004030004009701080000500
000005400003647000400810030910000340087000560042000087090026008000589600006400000
500000000061000905400601308000035700006804100002710000107203006903000270000000003
400071302003900704700543010000010000085000120000090000050827001106009500807150009
020009700003004008706020530430000000007050400000000052054090803900800200002400070
700060001920080045000507000060304020030070050800090004600709002000000000100000007
180002409070000281520900000400090700000276000001040008000007094347000010609100072
026041050907060001004000862700102000840090023000406008639000200500020307070910580
030008010400009702027004600795000000000000000000000326004800170306100004080700060
100807005008926700200000006000000000000205000086030250025080410000401000340050098
700000003009871000620050000060009040007000900010300050000040015000965800800000007
010000050604000208090704030003050400000307000002090600020509040901000502030000060
000500004860007302400020009010006800640000093007100040900030007506700038700008000
000040560520600010601058400006070080807901205010080700003520807050004023072030000
000401070009006000730000150200070600400308001001060004085000019000200500010503000
060489000000006900900007041698000000030000070000000265150900003007500000000861020
500900003010007650070018000049000007005000800800000320000720060036400080700006004
065009000000020003002087506107000000084000210000000807301870900200050000000400160
102065009003190500095000741400000090560040027030000005354000910007014300900530204
400801009500463007000000000070982010000000000003000700801030205390000074200050006
023695180580103049000807000039070560056000210000000000090000030205080406300904002
360097408004000001205000790900153000600809005000246009053000906100000200406910057
006910004200030907010507000001000639000000000635000700000602090109080006400059200
009000200005069000800240079090403600084000390002105080640078005000650900007000800
800900206000150700360070000000403069086000310130802000000020087008041000602007004
000070000060508040403000702701060204000010000690000075900201008804709603010000020
001004070280000940097200806900412600000603000004857002709001460026000039040300700
900000002076390010000807040005080930080209050097050200050902000060073420400000003
080000600020004351356100200010040500000305000003060010005002834942800060007000020
024015700000009005500080004270504000403000501000701023700040009300900000005820130
270004183300000006501003400408070000000821000000030807004100308900000004817300025
000079042070000008010203000064700000000000000000008930000105090200000050690380000
079000800040020063208000105000236000060908020000147000506000409790060050002000670
750094006000000308061000400200708000300010005000209001007000830908000000500380012
200900067800001900090067000012050009008306100400070280000430050004700006720008004
001000309023004010000001540032509000000000000000203870074900000010600780308000400
095407360007801200000090000401000607000000000260050018000000000000914000710205086
900105604000000000806794100205946701001807500307512809002679408000000000509408007
000100000107006030020004000200400580300010004075009002000200010040800607000001000
500012008008600900030004010105000060800000003060000405050900040002006800400730001
000610050050073460007000800001900702000342000206007900004000500073560010010024000
000317000603000209000000000000502000420103078000000000082070150010090040050000020
000603020008001400300000010012000040406000201030000890080000007003800600070902000
800050007006080000007900860460200500100000009009003042083004700000010300600030005
020005400037400615650000020200010080000238000060090004080000042412003790006900050
009000620600004300537009108065493000000705000000268510708900463006800001091000800
090080300000000208580021000004896000605403709000257100000540017807000000001060090
103000680020004000700000040080001005000403000200900070050000008000200060039000407
405070082378025090000300054050000400840090023003000010160009000030280679980060201
040000070030709060800050001700000004300000008000516000006384900070000030000090000
000070690750000001092100000100092037000000000270830004000006170500000046064050000
020700005030400070800000930000500080005000600010008000076000001090003040300002050
050000000020300600000508003006090407700000002502040300100407000004009060000000080
360908004095064082000000090920407006030090070500106023010000000250670140800509067
104000607000000000000563000010000070705000304480137062200090006000070000306000408
210083007064170035000000010400090050950301026030060009090000000780026590500810062
180300064600018703030500000020000607050000090408000020000003070704180009890006012
000001549800000700009023010200480005010060020500032004080290300002000001945300000
070020040080605090600040008200000003000509000508000906760030054300708009050000070
000040080380650090009307400001000260690000057047000300003705100010036072020090000
704809302000125000080000010268000735040000060007000200000307000800406001005000800
400609007020030040001050200000000000560000084200000001000803000009000800805142309
000300000069001350030064020054602009001000200200108430010980040048700610000003000
000800620420300970956700800000908367000000000283607000002003458015009036074006000
109207305704000206030000090000000000000398000800514003240080059900030007000000000
900801004700609002004000300300000009008307100000000000605000803800020001090000020
009000280040000953000060000000601075006000300510204000000090000358000010074000800
010000030800306002002050900700000006006129400100040005030971050007030800000000000
003060200408090705060000080700000009000403000080000010000804000050000070009156400
730060200000007000005010407206005940040070020059600703603040500000500000004090078
050760010870000396010008000005146009400309008200587100000400070547000083030075020
502130608070500020600902001008000267300000005756000900900703002080009010105048706
000060890630807000900400060000000500002503900008000000060004005000605047025030000
300000071109008000000760030060000048001000700430000090080015000000800305910000002
000094050930000140060000000200465000600109004000738009000000080072000036050370000
001430070096800004000060082003000000007951800000000700170090000200008940040073100
920800004007000801048002350002304007000000000400607200019400730603000400800009016
069080040020006001007431000006007000000050000000100200000548900200600080040090360
607401209080902030000807000850103046046000310000070000060000070002308100100000003
038070410090106030000000000012000950500403001000020000870602049000080000021040560
002070310500400800160200007000010950700903004028040000300007048009004003081060500
080000000730029000000300105800006500050807010003900002609008000000690054000000080
030056900000000005801023400304205000105000704000701503003560801500000000009180050
900003081780010960050068000603000000092000830000000604000680020067090018830400006
000005030208040900045960170900307200081090560002601004029034810007010309010700000
300900508000020300185040200000632005067509130800714000008090452002050000504008009
002800007070006009000037000000008006008402900400100000000750000900200080500001400
060902030300040106081060900100438005093106240800297003002070480907080002040309070
050000020000020000009308100391000687047000290080070010000050000002407800705602409
100956002500000004000702000700020009030000050950010038000000000391000745074000320
402150038100026000000800006010209605670000092209701080700002000000970001940018307
704506908020703060800000002078030540005000300000090000006204800000000000200809006
000000400035090000000348000003009050019604230080200600000957000000020310008000000
000800401500000829007000000006940008000060000200053100000000200859000004104009000
000007050000006004540900306000002600600010008004500000401003079900200000050400000
060040900000896501190200000050724810810605049047918050000002065306581000001060020
400602001800010004090050070010507060003000400500000007060309040300000008028000650
000982000006010900090400020400000206760000013105000008020003040004070100000154000
704060103080003090609001408063104000800020009000607530308400907040800060906030804
008000970700580100290700003000090850020301060065020000600005039002038005054000600
080000209000003065400500710740200300005010800001008047019007006870100000604000070
040005060905130002000020050300090020082306790090080005020060000600017309030400080
001070800060000020002843100400000003000000000070204080053090740000705000200000001
000000700600950100080061050800007500700000002006200009060340090005078006008000000
080000500005680910400002080040020100006805200008030070030200006062057300007000090
000000000401903502270000013010406090004000800009238400002000600000000000090704080
080250600000009301510003000029506008700000002100704960000400013201300000006012080
058000200003007408240000069070158000000409000000376080430000026809700300002000810
390008700000100060700905813010700090000000000050006030572601009080002000004300075
307000204040000050100060003430000062079000840000010000694020315500106007002000600
032004050709010304010730026900203400073000690008906005240069070301020509090100240
205009004079006050000005096483010000000608000000050847650300000090700530700500609
500700018000000706000530000905040000000806000000050801000084000703000000160007003
000063000002908000008000450280107060500030004010506028064000500000604100000270000
600300001030007920017500600080000402000060000201000060005004810069800070300006009
768001002030807051000002006819000020000000000050000347300400000940205060100600274
800000506090023008003050900500000804030040070208000001001090200900260040302000009
006000090930002470042090603070050000008409100000020080807060250023900046090000800
800291003000000000600000001100000007200468005080000060030000050060000070025070480
